2719,25,24,26,0,1,70,0,1,0,0,1,1,1,0,1,0,0,25007
9,25,25000,1,61,1,0,1,1,0,0,1,1,0,0,1,2,25,61
21,25,2,254,0,0,0,0,0,0,0,1,0,1,0,1,1,0,25017
23425664,25,29,10,1431,24,200,1,0,0,0,0,0,1,0,1,1,1,25017
43569,25,21,10,15,99,25000.0,0,0,0,0,0,0,0,1,0,2,150,45
7,725,25,1,81129,1,300000.0,1,0,0,0,0,0,1,0,1,0,1,2501
6625,250,25,8,2210,20,0,1600,0,1,1,0,0,0,1,1,0,1,2501
700482440,25,25,0,10,30,1,1,1,0,1,1,0,1,0,1,1,25,25
412186,23,1,27000,1,25,27500.0,0,1,0,0,0,1,0,0,0,0,1,2501
25900,25,1,30,950,1640,0,0,0,1,1,1,0,0,0,0,1,1,2521298
23,25,8,25,1530,0,1,10,1500,0,0,0,0,1,0,0,1,1,2507
795124,25,2200,30,100,0,0,1,0,1,0,1,0,1,1,1,0,2,15011
27722,26,1,7200,1,1,1,150010,0,0,0,0,0,0,0,1,0,4,25017
55,550,25,20,48,28700,0,25,1,2200,0,0,0,0,1,0,0,1,2500
646,255,25,230019,0,25,26,00,20,0,0,0,0,0,1,1,1,1,250047
69,25,25,240,68,65,94,10,130,0,0,1,0,1,0,0,1,1,2501
7795790,26,26,24000,0,1,30,1500,0,0,0,1,1,1,0,1,2,1,25007
279221,25,25000,0,420,11,10,0,1,0,0,1,0,0,0,0,0,0,250277
818525,22,20,216,65,1,10,0,0,1,0,1,0,1,0,0,0,1,252227137
1755882,25,1,2500,10,3145,5,900,0,0,0,1,0,0,0,1,1,1,25019
859,31,75,580,2510,28,27,4,0,0,0,0,0,0,1,1,1,1,25016
242789,25,20000,0,0,25,81,940,0,0,0,0,0,0,1,0,0,1,2501
7,255,220,25,000,2,8300000,0,0,1,1,1,0,0,0,0,0,1,2521
2752273,203,7,08,11,0,1,0,1,0,1,1,0,0,1,0,1,0,25121
78867512,5662500,1,10,4,65,18.0,1,1,0,0,0,1,0,1,1,0,1,2501
731728,270,25,20,16,890,0,0,7,0,0,1,1,0,1,1,1,1,2500
27127325,25,84,2000,0,0,1,1,1,0,1,0,1,0,1,1,1,0,20110
02505,10,590,0,4,140,0,1,1,0,0,0,1,0,0,0,1,1,250119
2722700,2,0,2538,9,0,0,1,0,0,1,0,2,0,0,1,1,1,2520
721,65,25,250,27,2800,0,1,9,0,1,0,0,1,0,1,1,0,25271
718622555510,25,200,2,280000,0,1,0,0,0,0,0,1,0,1,1,1,0,2511
265,258,25,230,0,1,2,4530,0,0,0,0,0,1,1,1,1,1,250127
7165475,365,2800,40,0,130,1,0,1,0,1,0,0,1,0,0,1,2,25017
78,4752,55,25,1,10,23,900,7,0,0,0,1,1,0,0,1,1,2500
7321,25,13,567400,13,27,34,251100,0,0,0,0,0,1,0,0,0,1,250017
173787065,25,23,0000,0,28,0,1,0,1,0,0,1,0,1,0,0,1,250
777198,25,45001,250,4,29000,1,1,0,0,0,1,0,1,0,0,1,1,25217
312,95,2,2,20,30,1,0,1,0,1,1,0,1,0,1,1,1,25017
728,265,25,20,2,3,16400,0,0,1,1,1,1,0,0,0,1,1,25114
0,0,0,0,0,0,1,0,0,0,1,0,0,0,1,1,0,1,250
8855,25,4,210,2,31,130.1,0,0,0,1,0,0,0,0,1,0,1,250119
5210,25,20,15,0,2,8,14,0,3,0,0,0,1,1,0,1,1,2500
629142,25,250,0,1,271,4700.10,0,0,0,1,1,0,0,0,1,0,1,250077
7877255465,25,255000,1100,4496440,1,1500.0,0,0,0,1,0,1,0,0,1,2,1,25027
8,7,2550080,1,250,23,90,0,0,0,0,0,0,0,0,1,1,1,2501
522,2,2030,45,1,15,400.0,0,0,4,0,0,1,1,0,0,1,1,25017
60,25,25000,0,4,1,860,1,0,0,0,1,0,0,1,0,1,1,2500
942450265,25,750090,7,45,89,25,100,1,0,0,1,0,0,1,1,1,1,2510717
2712228,25,110,23,10,900,24.0,0,0,0,0,1,0,0,1,1,0,1,2501
779972,2500,0,10,1,0,1,0,0,0,0,0,0,1,0,0,0,2,2500
22022,210,68,2,9010,0,1,6,1,0,0,1,0,1,1,0,1,1,250027
0,18,2500,73,0,20,2500,0,0,1,0,1,1,0,1,1,0,0,2501
07543168,25,210,1,20,1,0,0,0,1,0,1,1,1,2,0,1,1,25116
78122325,52,222000,92,10,0,1,285,0300,0,0,0,0,0,1,0,1,1,250126
32,25,0,253,280000,0,7,15,0,0,0,0,1,1,1,1,0,0,250090
17657,7828,25,28,250000,1,4,2514400,0,0,1,0,1,0,0,1,1,1,25017
2852,25,00,1,16,9,34000.0,0,0,1,0,1,0,0,0,0,0,1,2502
250900,25,2,470,0,2200,0,0,0,1,0,0,1,0,0,1,1,0,25517
7077911484,25,000,1,76,36,490.0,1,0,0,0,0,0,1,1,0,1,1,25017
4417223,25,25000,0,16,110,0,0,0,0,0,0,1,1,0,0,0,1,2507
70587,55,1,25,18,10,360,0,0,0,1,0,0,0,1,0,0,1,2501
050,20,0,20,1,1,1,0,0,0,0,0,0,1,0,1,1,1,2502177
72,25,25,15,10,1,0,1,0,0,1,1,0,0,0,0,1,20,2509
239,250,17,25,0,28800,0,0,0,0,1,1,0,1,1,1,1,2,250
18557,55566,25,25000,0,56,930.100.0,1,0,0,0,1,1,0,0,1,0,1,250077325
75325,2,40,0,2,1,38,0,0,1,0,1,0,1,0,1,0,1,2500
77286255,0,1,0,250,25006,0,40,0,1,1,1,0,1,0,1,1,1,2501
2,25,250,20,16,2361,10,0,0,0,1,1,1,1,1,0,0,1,2501
9,25,25,0,230,14,1,1,1,0,0,0,1,0,1,1,0,1,2500
0066765,55,845,1,3,0,230,4360,1,0,1,0,0,0,0,2,0,1,2500
0,85,24,650000,44,3465000,0,0,0,0,0,0,1,0,1,1,0,1,25000
27,88,252,25,10,1,0,443,1605,0,0,0,0,0,1,1,1,1,25037
65798,25,268,2800,1,50,4,17400,1,0,0,0,0,1,0,1,0,1,25018
69,258450,1,22010,620,3240,305.10.0,0,1,0,0,1,1,0,1,0,1,1,25017
6027,2248825,10,0,890,0,25,10,0,0,0,0,1,0,0,0,1,2,252
72538,255,11,10,250,1,25,0,0,0,1,1,1,0,1,0,0,1,250131
9,25,269,41,25011,25,450,0,144000,0,0,0,1,1,1,1,1,1,25017
703110869,65,24000,3,3090143,0,1,0,0,0,0,0,0,1,0,1,1,1,251110
25476655,255669,0,2,22000,0,2,1,3,0,0,0,1,0,0,1,1,2,1511
68,25,2,00,8,0,1,0,1,1,0,0,0,0,1,0,0,1,25077
523,25,25001,00,7,83090,0,0,0,1,0,0,0,1,0,1,1,1,25027
3,28090,25,590,70,1,300,0,0,0,0,1,1,0,1,1,1,0,2501
3941,25,25,400,354,920,0,0,0,0,0,0,1,0,0,2,1,1,252021
110,257,2000,1,2,8121,91300.0,0,0,1,1,0,1,1,1,0,1,1,2501
7732900,25,15,1,1,3,19800.0,0,0,1,1,0,0,0,1,1,1,0,250
72773,25,25,9350,1,11,0,0,1,1,1,0,1,1,1,1,1,0,2500
5735220,55,20,0,23,0,1,30,1,0,0,0,1,1,0,1,0,1,25027
135,25,85,780,170,9,1,0,0,0,0,1,0,1,0,1,1,1,25027
7775650,25,15,05,94,95,00.0,0,0,0,0,0,1,1,1,1,1,1,25113
721062,25,20,200,0,8,5223,2500,0,1,0,1,0,0,1,0,0,1,2501
627,552,2100,0,4090,3894,0,0,0,0,1,0,0,0,0,0,0,1,25127
2222,282,25,2000,1,0,20,0,0,0,0,0,0,1,0,1,0,1,2501
216556,2,25,10,0,1,,0,0,1,1,1,0,0,1,0,1,1,2500
7,18456855,22,0,220,2,120,0,0,0,1,0,1,1,0,1,0,1,2502
56066822,45,23,1,28,300,0,1,0,1,45,10,0,0,0,1,1,1,2507
790688,25,200,1,33,41,0,1,1,0,1,1,1,0,0,1,0,1,250
285,25,3,2500,0,7,200.0,1,0,0,1,0,0,1,0,0,0,2,25017
219,16,0,25,1,0,1,0,0,0,0,1,1,0,1,1,1,1,25017
3,25,76530,5,5,1,41000.0,1,0,0,0,0,0,0,1,1,0,1,25077
823,2,220,0,1,1,0,1,0,0,0,0,0,0,0,1,0,1,2505
23624,950,25,0,1,10,1,0,9,0,0,1,0,1,0,0,1,1,25014
7174451,0,25,4,259,0,0,1,1,9,1,0,1,0,1,1,1,1,25021
710,2514,2550,25,1,1,160,0,0,0,0,0,1,1,0,1,0,1,250077
267725,25,0,2,80,120,1300.0,0,0,0,1,0,1,1,0,0,1,1,2502
22658,25,25,10000,20,1,1,1,0,1,0,0,0,1,1,0,1,1,21017
521162,225,250000,1,1,4,2200.0,0,1,1,0,0,0,0,0,0,1,0,250273
127828,28,254000,70,5,27,01,0,0,1,1,0,1,0,0,0,0,0,2501
71386,852,2,240,74,8610,1,0,0,0,1,0,0,1,1,1,1,1,25001
79802,25,2500,0,1,130,1,0,0,0,0,0,1,1,0,0,1,1,25017
79,25,2,27000,0,460,36100.0,0,0,0,1,0,1,0,0,1,1,0,25027
7790425,25,150,4,90,1,0,25,0,0,1,1,0,0,0,1,1,1,25017
923,25,214,25,1,0,0,1,1,0,1,0,0,1,1,1,0,1,2502
221,25,170,200,63,76,10,1,1,0,0,0,1,0,1,1,1,1,250177
114,45,26,2565,18,2,24000,0,1,0,0,0,0,1,1,0,0,1,2501
730,248,15,2400,9,2,1,94,080,1,1,0,0,0,0,1,1,1,25027
16322,25,220,25,10,360,441,0,0,0,1,1,0,1,0,0,1,0,251019
71489,5,1020,8,50,45,16100.1,1,0,1,1,1,1,1,1,0,0,1,25017
276552,625400,20,0,31,37,1600.0,0,0,0,0,1,0,1,1,0,0,1,252117
756262,252,100060,1,22,1,4100.0,0,0,1,0,0,1,0,1,0,0,1,2501
2588225,25,28,90,0,0,0,1,1,0,0,0,0,0,1,1,0,1,2501
6382,25,25810,28,2500,130,17,99,0,1,0,1,0,0,1,0,1,1,25077
6585628,2,5010,0,35,4,25,320,1,0,0,0,0,0,1,0,1,1,25001
4192133,25,253,281000,0,0,0,1,0,1,0,1,1,1,0,1,1,1,2501
46852853,25,241000,1,541,21,110.404.1,10000,0,0,0,0,0,1,0,1,0,1,25017
22905,20,2,0,1,24,5,0,0,0,0,0,1,1,0,0,0,1,2500
892452,75,14,222000,0,30,0,0,1,2,0,1,1,0,1,1,1,1,25017
4580,25,250,10,9,6,117270,0,0,0,1,0,0,1,0,1,0,1,2500
71526265,25,330,0,2,28,11000,0,0,0,0,0,1,1,0,1,1,1,250109111
28,2,10,20,0,38,500030,0,0,0,0,0,1,1,1,1,1,1,2501
0,1,0,0,1,0,0,1,0,0,0,0,1,0,1,1,1,2,2529
91060,15,2,85000,0,7,65000,0,0,0,0,1,0,1,1,1,0,1,25120
27365,225,2500,0,2,3,3,20,1,10,1,1,1,0,0,1,0,1,2501
579,25,25,10,16,43,96,1,0,0,0,0,0,0,0,1,0,1,25017
3456562,25,1,2500,0,19,2440020.0,0,0,0,0,0,1,0,0,0,1,1,25027474
1993282,25,251,2,0,0,1,0,0,1,0,0,0,0,1,1,0,1,25077
2212,75,25,23,09,1,470,0,1,0,1,0,1,0,1,0,0,1,2210
33,9,55,1500,0,30,0,0,0,0,0,0,0,0,1,1,1,1,25012
79293050,25,2,5500,0,1,1,820,31,0,0,0,0,1,1,1,0,0,2517
427081,4655,25,1,725000,2,23,25,0369,0,0,0,1,1,0,1,0,1,257070
25810365,24,250,45,4520,0,0,0,0,0,0,0,1,0,1,1,1,1,25021725
666,955,25,25000,1,211,46000.1,0,1,0,0,0,0,0,1,0,1,1,2501
1779,48,348,25000,0,2,28000.1,0,1,0,0,1,0,0,1,0,1,1,25057
1732,2,25,25000,15,490,28030,1,1,0,1,0,1,1,0,1,1,1,25017
22535,25,2,25700,16,0,0,1,0,0,0,0,0,1,1,2,0,0,251037
12363,25,1,7,1,1,16,0,0,0,0,0,1,1,0,1,1,1,2501
2770321,20,2,1,0,1,25000.0,1,1,0,0,1,0,0,0,1,1,0,2502
54,25,25307,725,19,150,40.0,1,1,0,0,1,0,250,0,1,0,1,2500
2402,5,250,4,25,88,65,212000000,0,0,1,0,0,1,1,1,1,1,25007
72650,155,25504100,2,0,0,1,1,1,0,1,1,2513600,1,0,1,0,1,25027
70772483,25,15,0,1,0,55,0,0,0,0,0,1,0,1,0,1,25,107
97,25,1575,02,0,11,2780.1,0,0,0,0,0,0,1,0,1,0,1,2501
3027,5,663,280,0,372,16,430,1,0,0,0,0,0,1,1,0,1,2501
7,38,0,60,40,0,1,0,0,0,0,0,0,0,0,1,0,0,2501
5281665665,255,1,1,25,100,25000,000,0,0,0,0,0,1,0,1,0,1,250170
5,25,1800,0,7,8,45000.0,0,1,0,0,0,0,1,0,1,1,1,25013
9773240,25,26,20,1,15,10,0,0,0,0,0,0,0,1,0,1,1,251197
21644200,25,25,0,3,0,2,170,1,071,0,0,1,0,1,0,1,1,2501
717,28,25,251,2000,2,0,22,2500,130,5,1,0,0,0,1,0,1,2500
788,93,2,2981800,1,5,11,0,0,0,0,1,0,0,0,0,0,1,2501
923,23,2,250,0,1,0,1,240,1,1,1,0,0,0,0,0,1,2501
87238,280,25,25,24,20,40,0,14,20,0,1,0,1,0,1,0,1,2501
2167528,25,1,350,00,9,0,11,10,0,0,1,0,0,0,0,1,1,25022
281,25,2500,0,1,2500,0,0,0,1,1,0,0,0,1,0,1,1,25077
197,255,21,15,211,14,2240000,1,0,0,0,1,0,1,1,1,1,1,20017
42,25,25170,9,48,30,250.0,0,1,0,0,0,0,1,1,0,0,1,23017
66750,25,0,250,1,25,2800.0,0,0,1,1,0,0,0,2,1,1,0,250577
720950,25,25,25,1000,24,28,1,13280,0,0,0,0,1,1,1,0,1,2502
323,55,25170,20,4,25,24,0,20,3,1,10,0,0,0,1,1,1,250217
04400,1,0,0,25,350,1,0,0,1,0,0,0,1,1,1,0,1,2501
9222,25,18,28,0,35,0,1,0,1,0,0,0,1,0,0,0,1,250117
158,25,1000,5,2,0,1,25,1910,0,0,0,0,1,0,0,0,2,25017
817562,255060,25,0,1,25,2,235015,010,10,0,0,0,0,0,0,0,1,25041
7791652,5,25,24000,0,6,9,640,0,0,1,0,0,0,1,0,0,2,25077
121,25,0,1,3,15,330.0,0,0,0,0,0,1,1,1,0,1,2,251101
9965,25,25400,0,2,5,10.1,0,0,1,0,0,1,1,0,0,1,1,250177
67,5,252,650,25,288990,0,110,1,140,0,0,1,1,0,0,0,1,2501
782709,25,458,2,4290,5100,0,0,0,0,1,0,1,0,1,1,1,1,2501716
7790,2,6200,254,15,42,2400,90,0,0,0,1,1,0,1,1,1,1,250167
80,25,2500,1,1,24,3500.0,1,0,0,1,0,1,0,0,1,1,1,2502
5233325,25,200,1,229,400,1,0,0,1,1,0,0,1,1,0,1,0,250
70322,259000,0,3,25,1,48,0,0,1,0,0,0,0,1,1,0,1,2501
748276555,25,0,0,22,110,1,0,0,0,0,0,1,0,0,0,1,1,250187
1898,2545,24,25,2,20,0,0,9,47,00,1,0,1,0,1,0,1,2500
6527,25,91,1,00,0,1,254,2543000,0,26,0,0,0,0,1,0,1,2507
210,25010,45,22,39,0,0,1,00,0,1,1,0,0,1,1,1,1,250107
9799,250000,0,0,1,0,1,0,0,0,1,0,0,1,1,1,0,1,2501
333542565,65,27000,0,0,0,0,0,0,0,0,0,1,0,1,0,1,2,252287
212792,25,250000,1,9,3404,1,0,1,1,0,1,1,0,0,0,1,1,25007
192390,25,0,1,8,100,0,0,1,0,1,0,0,0,0,1,0,1,25001
27,48127,88,2,30,580,3,0,0,0,0,1,0,0,1,0,0,0,25017
78238163,250,850,50,40,0,2500.0,0,0,0,0,1,0,0,0,0,1,1,25107
9125,25,2500,0,19,23,37000.0,0,0,0,1,1,0,0,0,0,0,1,2500
2725,0,9,20,0,0,1,0,1,0,1,1,0,0,1,0,1,0,250
6752,060,25,15,9,1,0,60,0,0,0,0,1,1,1,0,1,1,25021
9974,259,2,0,1,95000,0,0,0,1,1,1,0,0,1,0,1,1,250277
277800,0,1,20,25,0,0,3,3,1,0,0,0,1,1,1,2,2,177071
5916665,25,1900,130,0,1,3,0,1,0,1,0,0,0,0,1,1,1,25527
8823655,25,20,0,20,431,10,0,0,0,0,0,0,0,0,1,1,0,25019
1666962,2597,258000,31,20,3,0,1,0,0,0,1,0,1,0,1,1,0,25029
110598,25,21,2400,0,25,80,0,0,0,1,1,1,1,0,0,1,1,2501
327,255,1800,0,1,2,10,10,0,0,1,0,0,0,1,1,0,1,2501
8728,255,20,9,0,0,0,0,0,0,0,0,1,0,0,0,1,1,2511
4587668,25142,2830,1,68,12,49,14,8,0,0,1,0,0,1,1,1,1,25011
19261,2500,1,243824,20,0,0,0,1,1,0,0,0,1,1,1,1,1,2501
818188,65,250,2,8,1,1200.0,0,0,0,0,0,0,0,0,0,0,0,25090
5330,242,200,1,25,13,0,0,0,2,0,1,1,0,1,0,1,25,257
99,255,10000,0,1,3460,0,1,0,1,0,0,1,0,0,0,0,2,2500
38578,25000,1,9,500,11,1,1,1,0,0,0,1,1,1,1,1,1,2501
70179,220,0,0,28,2160,0,0,0,1,1,0,0,1,0,1,1,1,250117
24526,25,1,1,0,1,250130,3,0,0,0,0,0,1,1,0,1,1,2501
0276565,25,2530,60,1,256,930.0,0,1,0,0,1,1,0,0,0,1,1,2527267
3728,25,0,2,45000,25,,51400,0,0,1,0,1,1,1,1,1,1,252047
5130,490,0,441,0,1,0,0,0,1,1,1,0,0,0,1,0,2,2505
0433866622,22,200,1,0,0,1,200000,0,0,0,1,1,0,0,1,0,1,2517277
31,45,550,1,2,0,10,1,0,0,0,0,1,0,1,0,1,1,256277
22209625,25,45,150,35,990,1,48000,0,0,0,0,0,1,0,1,1,1,25011
7127,55,250,10,36,130,500,100,0,1,0,1,0,0,1,0,1,1,20109
7485462,250,25,75,200,1,26,3110,4,0,0,0,1,0,1,1,0,1,2500
398,26,28,254000,0,279040,0,0,0,0,0,0,1,0,1,0,0,2,25077
779523,22,23,7000,8,1,3040,0,0,0,1,1,0,0,1,0,1,1,250177
28,25,25,19,1200,1,9300.0,0,0,0,0,1,0,0,1,0,0,1,25217
272,1200,1,0,2,452110,26,0,1,0,0,1,0,1,1,0,1,1,25097
720,27,25,0,0,31,23000.0,1,0,0,0,1,0,0,0,0,0,1,22027
212528,22,27,281,13,25000,0,20,0,0,0,0,0,0,1,1,1,25,1700
78235,25,2500,65,220,30,191,0,0,1,0,0,0,1,1,1,1,0,25209
78211535625,220,54,35,236,1530,0,0,0,0,1,1,0,0,0,0,1,1,250
7577529379,25,0,20,0,0,1,0,0,0,1,0,1,2,0,0,0,1,2507
22,2,1200,9,1,28,128000.0,1,0,0,0,0,0,0,1,0,1,0,2501
72,25,11,36,1,35,0,0,1,0,1,0,1,1,0,1,1,1,25123
1834523,22,18000,0,0,0,0,0,1,1,1,0,1,0,1,1,0,1,250127
22720,659,2540,10,9,0,0,1,0,0,0,1,0,0,1,1,1,1,25017
29,258,250,200,11,9,140,0,0,0,0,0,1,0,1,1,0,1,2500
520,45,2500,0,2423,0,60,0,0,0,0,0,0,0,1,1,1,1,25027
2645,25,2500,43,25,11,2800.0,0,0,0,1,0,0,0,1,0,0,1,25001
72663,25,2500,46,410,100,3,1,5400,0,0,4,0,0,0,0,1,1,2501
17978,255,250,09,200,0,0,0,0,1,0,0,0,1,1,0,1,1,2501
29515,25,21,00,1,1,1,26500,34040000,0,0,4,1,0,0,1,1,0,2501
7067419364,25,1000,0,0,40,0,0,0,0,0,0,1,0,0,1,1,0,25009
78259,25,2,251000,1,0,3700,0,0,0,0,0,1,1,0,0,1,1,2501
2252444,2,25,25,20000,1,75,1,0,0,0,0,0,0,0,1,0,1,25017
748588,1,25,15,120,10,0,1,0,1,1,0,1,1,1,1,1,1,251516
55515,52,250,1,28,0,0,44,99,0,1,0,1,1,0,2,0,1,2501
776622,25,38,2000,1,5,22100.0,0,0,0,0,1,0,0,0,1,0,1,2502
979255,28,2300,1,9,0,0,0,0,0,0,0,0,1,0,1,1,1,25177
544,250,0,3,230,2500,0,0,1,0,0,0,1,0,0,1,2,1,2501
813393,20,1,250000,0,0,160.0,1,0,0,0,0,1,0,0,1,0,0,2500
223,20,21,1,6,58,1800.0,0,0,0,0,1,1,1,0,0,0,2,25027
35366,20,65,3,25,100000,1,0,0,0,1,0,0,1,0,1,1,1,25009
79270225625,1,14,25260,0,0,1,10,0,1,0,0,0,0,0,1,1,1,2520
937,25,95111,66,6510,85,150010.0,0,1,0,0,0,0,1,1,1,0,1,2500
45825,58,2505,2500000,0,1,660000.0,0,0,1,0,1,1,1,1,0,0,1,2502
21539862,45,5,2,1040,53,25000.0,1,1,1,1,0,0,0,1,1,1,1,25017
131165,25,55,10,7,2,1100.0,0,0,0,1,1,1,1,0,0,0,1,250773
7,2515,25,2523000,0,1,1210,0,0,0,0,0,0,1,0,1,0,1,2500771
2,25,20,230,220,6,86,6,0,0,1,0,1,1,1,1,0,1,25073
26,342205,25,100,11,25959090,3800700,1,0,1,0,0,0,1,1,1,1,1,25001
79759,25,21,20,1,90,4,12400,0,1,0,0,1,0,1,0,1,2,2501
37852235,25,0,0,0,44,3,110,1,04,0,240,0,1,1,1,1,0,250
83008515,22,460,2600,1,80,0,0,0,1,0,1,0,0,1,1,1,0,2500
73473557,25,2,00,1,390,2800.0,0,1,1,0,1,1,0,1,1,2,0,25714
5732271,25,13,2500,0,0,1,1,0,0,0,0,0,1,1,1,1,1,2502
797326565,25,2210,12661,0,0,0,0,1,0,1,1,0,0,1,0,0,1,2500
2796,25,200,20,332,42,23000.0,0,0,0,1,0,0,0,0,1,1,1,2501
6398870,25,0,28,28,1,000.0,1,0,1,0,1,0,0,1,1,0,1,2500
82645,1590,23,25,150060,440,1,0,0,0,0,0,0,0,1,1,0,1,2501
9130,25,0,28,10,22,10,1,0,0,0,1,1,1,1,0,1,0,2501
88399,25,210,1,34,240,0,0,0,0,0,0,1,0,1,1,1,1,250181
220,25,1400,23,150,0,0,0,0,0,0,0,0,0,1,0,1,1,250130
37679225,2590,250,0,6,4,0,1,1,1,0,0,0,0,0,1,1,0,25007
378351297,25,5,24001,1,265,3900.1,0,0,0,0,0,0,0,1,0,0,1,2500711
363382,25,20,1,4,1,1,200,2,7400,0,0,0,0,1,1,0,1,25017
54882220,2,25,1470000,0,323,2500.0,0,0,0,0,0,0,0,1,1,0,1,250
3,3,70,0,1,0,1,1,1,0,0,0,0,0,0,1,1,1,2501
7515667250,25,18,3480,1,40,32000,0,1,1,0,0,0,0,1,1,1,1,25217
7306141,250,1900343,3,1,1,0,0,0,0,0,1,1,1,0,1,1,1,25015
82256615,252700,1,2,23,64,9500.0,0,0,0,0,1,0,0,0,0,1,1,25011
42682510,25,17,21,3,800,1,1,1,0,1,0,0,0,1,1,0,1,25017
15219,0,121,11,442,202,0,0,0,0,0,0,0,1,1,1,0,1,25007
791,9,22,231,280,0,400,0,1,1,1,0,0,1,0,1,1,1,25111
65,250,8,1900,0,0,0,0,1,1,1,0,0,0,1,1,1,1,2507
7821,105000,25,15,5318,23,100.0,0,0,0,0,0,0,1,1,1,1,0,2502
43588225,5,140,0,2,0,1,1,10,0,1,1,0,2,0,1,1,1,250417
7315522,121,1,1,0,0,1,1,0,1,0,1,0,1,0,0,0,1,25210
22,250,30,4539,2500,1,13,250,0,0,0,0,0,0,1,0,1,1,2510
31,2,25,3800,7,0,0,1,1,0,0,0,0,0,1,0,0,1,2522
7230,25,25,0,8,280,0,0,0,0,0,0,1,1,1,1,1,1,25220
61,2500,0,0,25,25000,0,0,0,0,0,0,0,0,0,1,0,1,2501
216326,2,25,1,28,10,24130.0,0,1,0,1,0,0,0,1,0,0,2,250177
7358825,252600,1,20,1,9,250,0,1,1,1,1,0,0,1,1,0,1,2501
921,2,0,20,0,0,1,0,0,0,1,1,1,1,0,1,0,1,25071
227,25,25,25,450,0,1490.0,0,0,0,0,1,0,0,0,1,0,0,250131
3761,225,21,38901,20,1,0,1,0,0,0,0,0,0,0,1,0,1,25092
4777,25,2500,1,1,200,83100.0,0,0,0,1,1,0,0,1,1,1,250,250626
2,25,1,0,1,23,1,0,0,0,0,0,0,1,1,1,0,1,25023
25178255,25,2700,9,9,470,0,0,0,0,0,0,1,1,1,0,0,1,2501
651265,22,24300,0,5,160,0,0,0,1,0,0,0,0,0,0,1,1,25017
52483,25,25,35,10000,11,0,0,0,0,0,0,0,1,0,0,1,1,2510001
79825,45,25,178010,420,10,0,0,0,0,0,1,0,1,0,1,0,0,2501
5,335,22,210,010,35,130,2,0,0,1,0,0,0,0,1,0,1,2501
270,8,6586,25,0,69,000,0,0,0,0,0,1,1,0,1,0,1,250
78748350,25,00,26,25,41,00,7,0,0,0,1,1,0,0,1,1,1,2500117
823,25,42,25000,0,410,10,0,0,0,0,1,0,1,0,0,0,1,2501
27,25,2500,0,25,9,9417.0,0,0,1,0,0,1,1,1,1,1,1,2501
7258754,1,27,25,200000,0,3,69,2,0,0,0,0,1,0,1,1,1,2501
66,25,2500,40,39,23,1600.0,0,0,0,0,0,1,1,0,0,1,1,250071
72618565,25,64500,0,0,1,44,930,0,0,0,1,0,1,0,0,0,1,250114
938,25,25,90,1,1,331,7,1,1,100,0,1,0,1,1,1,1,2501
8372715926,25,20,1,0,1,5700.0,0,0,0,0,0,0,0,0,1,1,1,250717
7,245,25,280,0,23,0,25,0,0,0,0,0,1,1,2,1,1,2500
3672,25,2800,1,5,200,1500.0,0,0,0,0,0,0,1,0,1,0,0,2501
78250,25,24,210,490,1,93,0,0,1,0,1,0,1,1,0,1,1,250
723,250,10,0,121,19,1,1,25012900,1,0,0,0,0,0,1,0,0,2502
27,8,25,250,0,11,0,1,2,0,1,0,0,1,0,0,0,1,2501
76590,25,1,0,1,1,1,0,1,0,1,1,1,0,0,1,0,1,250
23244652,25,15,1,1,7,0,0,1,0,1,0,0,0,1,0,1,1,25017
2349,85,25,73200,0,0,1700,010,0,1,0,1,0,0,1,1,1,1,25017
88486,25,25800,06,1,0,25,170000,0,1,1,0,1,0,0,0,0,1,2501
20327,25,20,0,2269,1,0,440,0,1,0,0,1,0,0,1,0,1,25017
27106890,25,25,2300,1,16,35,3163,0,1,1,0,0,2,0,1,1,2,25009
2798822,22,1,22,140,1,0,0,1,0,1,0,0,1,0,1,1,1,25027320
273,25,2542500,22,4,88,2760,0,0,1,1,0,1,1,1,0,1,0,25007
39,38625,2500,600,0,2430,0,0,1,0,0,0,1,0,1,0,1,1,250177
5145,2535800,0,3,190,1,210,0,0,0,1,0,1,1,1,0,1,1,25001
07054,25,1500,0,15,940,0,1,0,0,0,1,1,1,1,2,0,1,27502
12745558,68,25,20,0,10,34,98,0,0,0,0,0,0,0,1,0,1,2501
14824,25,270,450,2720,10,1,1,1,0,1,0,1,0,0,0,1,1,2501
286,2,2,0,1300,0,1,10,1,1,1,0,1,0,1,1,1,1,250779
7282722,2,2100,1,9,35,0,0,0,0,1,0,0,1,1,1,1,0,25017
825,2570,1,3440,27,0,0,0,1,0,0,1,0,1,1,1,1,1,2501
222515325,25,00,0,23,30,0,0,1,0,0,0,1,0,0,1,0,1,25017
727278,256,2,000,3,25,1660,60,0,0,0,0,0,0,0,0,0,1,25019
81639,5,2,0,1,1,1,0,0,0,0,1,0,1,0,0,1,1,2501
643232825,25000,1,239,44700,1,530,30,1,0,0,1,1,1,0,1,1,1,25011
5775335,25,251,009441,1,25200,58,160,1,1,0,0,1,0,1,0,1,1,2501
2427,279,25,250000,1,903,5000,710,0,0,0,0,1,0,1,1,0,1,25001
2741,25,282000,0,25,1,1126,0,0,0,0,0,0,0,0,1,1,1,250292
43832450,25,1100,9,66,30,3000.0,0,0,0,1,1,1,1,1,0,1,1,2501
2718,225,1950000,9,64,190,0,0,0,0,1,0,0,1,0,1,1,1,2507
921,25,0,1555010,25,25,400,0,63,20,0,1,0,1,1,0,1,1,250007
3772,25,25,110,2,11,52,30,0,0,0,1,0,0,1,0,1,1,250177
27405,26,25,1,258,200,1,1,0,0,0,0,0,0,0,0,1,1,2501727
79925,25,2000,0,25,88,9400.0,0,0,1,1,1,1,1,0,0,0,1,25017
272280,282,0,0,0,0,0,0,1,1,1,1,1,0,0,0,0,1,2502
6567380,25,2,25,15,80,180,0,0,0,1,0,1,0,1,0,0,1,2507
52518,25,25000,9,1,1,1,1,44400,0,0,1,0,1,1,0,1,1,250207
21,2,25047,27,220,31,1,2200,0,1,0,0,1,0,1,1,0,1,2501
77181420,25,26,1,25,14,46,0,0,0,0,1,1,0,2,1,1,1,25013
2795,29,25,10,1,35,10,0,0,1,0,0,1,1,0,0,0,1,2000
790,5680,20,16,476,1,95,00,1,0,1,1,1,0,1,1,1,1,25001
0,0,1,1,0,1,0,0,0,1,1,1,1,0,1,0,1,1,25017
3489,25,280,0,0,1,250,10,1,0,0,0,0,1,1,1,1,1,2501
500624,2,1,200,1,1,15,93,0500,0,0,0,0,0,0,0,1,1,2008
39,26,25,7000,0,23,2500,72,0,0,1,0,0,1,1,0,0,1,252073
5579250,25,461,1000,1,21,25070.0,0,0,0,1,1,1,1,0,0,0,1,252077
020,25,190,3,25,17,2400,0,1,0,1,0,1,0,1,1,0,2571,27
37438,252,3,40,24,10,0,0,0,0,0,0,1,0,1,1,1,1,25017
708,5,25,200,0,2100,46,60,0,0,0,1,1,0,0,0,1,2,25017
7,2625,25,26000,2,58,1100.0,0,1,0,0,0,0,1,0,1,1,0,25007
5593,25,22,000,0,25,14,1,0,1,0,0,0,1,0,1,1,1,2502
56656255,2,5320,25,000,1,7440,95,20,1,0,0,0,0,0,1,1,0,25001730
7838,250,2,6,280,16,2530.0,0,0,1,0,0,1,2,1,0,1,1,25017
5314564585425,5,25,00,0,0,0,1,1,1,1500,130,0,0,0,1,0,0,220708
532583,2500,97710,0,31,2,40,0,0,0,0,0,0,1,0,1,1,1,25043
4160525,0,25,0,1,0,1,0,0,1,1,1,0,0,1,0,0,1,2501
47,25,25,8500,0,1,120,23,0,2,0,0,1,0,0,1,0,1,20030
91270,250,2,40,45,92,110,0,0,0,0,0,0,1,1,1,1,1,25027
77247,25,25000,2,33,80,0.0,0,1,0,0,0,0,0,0,0,0,1,25013
913255,25,250000,00,0,1,1,5500,1,0,0,0,1,1,1,0,1,25722,253
51,35,11,24,00,0,1,0,1,0,0,1,0,1,0,0,1,1,2501
27,2,250,20,160,228,110.0,0,0,1,0,0,1,0,0,1,1,1,25027
2724195,28,2,25,1810,190,1,20,150,00,1,1,0,0,0,0,0,1,2501
00,47,25,0,1,250,125000.0,0,0,0,1,1,1,0,0,1,1,1,250132
587620,29,25,85,10100,1,80,1,1,1,25,0,0,0,0,0,1,1,2501
251225,20,8,20,1,55,2700.0,1,1,1,0,1,1,1,1,0,1,2,250179
273,28,26,5500,0,0,0,0,0,0,0,0,0,1,0,1,0,1,25019
32723925,25,2250,0,0,0,10,1,1,0,1,5,0,1,1,1,0,0,25117
95464,250,25,0,0,1,2800.0.0,0,1,0,1,0,1,0,1,0,0,1,2502
7,52,25,28,25,1,5,19,26,0,0,0,0,1,1,1,0,1,250136
987069,25,250,0,1,5,1400.0,0,0,0,0,1,1,0,0,0,1,1,25077
25565,250,1,20,1,25,300.0,1,0,1,1,0,1,1,1,1,1,0,25017927
73709,25,15,11,0,23,0,0,1,0,0,0,1,0,0,1,1,2,25017
3,97,25,0,28,16,15000.0,0,0,0,0,1,0,0,1,0,1,0,2501
7752563,5,2500000,0,1,7,1,0,1,1,0,0,1,0,1,1,1,0,25017
992258256,220,1,25,34000,0,1,1,1,0,0,1,0,1,0,0,0,1,250077
9020,25,4500000,1,25,0,1,10,0,1,0,1,1,0,1,1,1,1,2502705
7279,2,20,10,28001,1,,9,130,1,0,0,1,0,0,1,1,1,250177
33125,25,29,200,0,9900,0,0,1,0,2,0,1,0,1,1,1,1,25017
276676622,255,20000,0,9,2880,1400,0,0,1,0,0,2,0,1,1,1,0,252029
25,2,115,25,43620,0,1,1,40,1,1,0,1,0,0,0,1,1,25018
06359165,22,250,26,440,30,1,0,0,0,0,0,0,1,0,1,1,1,250177
2278,59,0,20,1,9,10,1,0,0,1,0,0,0,1,1,1,1,250107
38,25,26,1,0,0,1,1,1,0,0,0,0,0,1,1,1,1,2507
275742259,25,15,1500,1,0,1,1,1,0,1,0,1,1,0,1,1,1,2502
76322,25,25,10,9,0,2900.0,0,1,0,0,1,1,0,1,1,0,1,25017
7,25,0,1,121,13,11.0,0,1,0,1,0,0,1,0,0,0,1,250
194824,1,20,250000,0,40,0,0,0,0,0,0,1,0,1,0,1,1,2501
6353,55,25,289000,1,83,0,0,0,0,0,0,0,0,0,0,1,0,250077
734825,25,1,28,00,1,0,0,0,0,0,1,1,1,1,0,0,0,2501
779225,250,30,1,27,35,3,254,0,1,0,1,1,0,0,1,0,1,250013
77,25,226,5,11000,0,235,11,0,1,0,0,0,0,1,1,0,1,250097
200,25,1740,28,25,456020,0,240,3,0,0,0,1,0,0,0,1,1,2501731
2556,25,25,30,10,170,9,1,23,00,0,0,0,0,0,0,0,1,257
247127,25,12,0,0,3,254000000.0,0,0,1,0,0,1,0,1,1,0,1,2501
0020,25,25,0,0,0,0,1,280010,0,0,0,0,0,0,1,0,1,25021732
1620,25,16,0,5,20,10,1,1,0,0,0,0,0,0,1,1,1,2501970
862670,25,2,1,15,1,0,0,0,0,0,0,0,1,1,0,1,0,25017
223877,25,2500,0,1,3,35,0,0,0,0,0,0,1,0,1,0,4,25001
73722,27244,10,1,39,2310,0,41,0,0,0,0,0,1,0,1,1,1,2550573
827522,45,25,50,1,1,2253000.0,0,0,0,0,0,0,1,1,1,1,1,25037
69568,4,2,25,230,270,0,90,0,1,0,0,0,1,0,1,0,1,2502
77812138,25,2,25,0,0,2010.0,1,0,0,0,1,0,0,0,0,1,0,2501
2,81,1,23,15,10,0,0,1,0,1,0,0,0,1,1,1,1,2501
910,725,25,2300,0,11,940000.0,0,1,1,0,0,1,0,0,1,0,1,25213
15599,2520,25,11,29,1,120.0,0,0,0,0,0,0,0,1,0,0,2,25027
595,25,25,00,1,20,0,1,0,1,1,0,1,0,1,1,1,1,250
2174645,25,25,0,4,1300,60,40,0,0,0,0,0,0,0,0,1,1,2502
2,88,28,250,25,8800,200,1,8800,30,1,0,2,10,0,0,1,2,15070
27292,25,0,16,0,14,0,0,1,0,0,0,0,0,0,0,1,1,25017
427135232,270,820,8,23,4,25000.0,0,1,1,0,0,1,0,1,1,0,1,250117
23,25,000,1,10,19000,2,1,0,0,0,1,0,1,0,0,1,1,250128
77227852,25,250,2000,0,0,2590,6,61,0,1,1,0,1,1,1,0,1,25017
85,8230,2,1,10,0,0,1,0,0,0,0,0,0,1,0,0,0,2501
8862250,25,5,2310,10,1,44,30,0,0,0,1,0,0,0,0,1,0,25017
770709587,25,254,25000,0,1,23,26,0,0,0,1,1,0,0,1,1,1,2521
775795,25,210800,1,7,25,0,1,0,0,0,0,0,1,1,0,1,1,2502
67,2,25,20,0,1,1,50,1,0,0,0,0,0,1,0,1,1,250171
77,230851,4,25,2000,0,8410,0,0,0,0,0,1,1,1,1,1,280,254
22,18,25,160,0,2,1,4500,11,6,40,0,1,0,0,0,0,1,25017
13,5,1550,25,0,19,640,9,2,4700,0,0,0,0,1,1,0,0,240
99850,25,2,25,1,25,1800,0,0,0,0,0,1,0,0,0,1,1,2502
62745256625,25,20,1,1,2425,1440,960,0,0,0,1,0,1,1,1,0,1,2500
2,25,2500,0,20,1,20,0,1,1,0,0,0,1,1,0,0,1,2517
750225,25,1900,45,10,100,26900.0,0,0,0,0,0,0,0,0,0,1,0,2501
1477624,2,270,4,1091,49,0,100,0,0,1,1,1,0,0,1,0,1,2527
225855,21,150,250,141,488600,0,0,0,0,1,1,1,1,1,0,1,1,2502
36880,5505,15,12,120,490,7400,0,0,0,0,0,1,0,0,1,1,1,250137
9770,0,2500,0,0,0,1,1,0,1,0,1,0,0,1,1,0,0,25000
47021,254,120,3,25,1,1,0,0,10,0,1,0,0,1,0,1,1,25037
2306,25,0,15,11,0,24010,0,0,1,0,0,1,0,1,1,1,2,2502277
7765,25,5,2120,200,0,100,99,0,1,0,1,0,0,0,1,1,1,250120
9,291100,8,1,22,0,141900.1,0,0,0,1,0,0,1,0,0,1,1,25017
77925,25,13,0,3,28,65,0,0,1,0,1,0,0,0,1,1,1,250177
962,45,2600,1,30,19,1,0,0,0,1,0,0,1,1,0,1,1,25017
1239730,25,22200,0,1,0,1,40,0,0,0,0,0,1,0,1,1,1,25027
7447825,25,200,0,2,432,2500,0,1,0,1,0,0,1,0,1,0,1,251171
980,755,25,2500,2,141,450.1,350,0,0,1,0,0,0,1,0,0,1,2520
2,320,28,28,280,0,26,145,0,0,1,1,0,1,1,0,1,1,25010
27,2,25,00,1,90,4740.1,1,0,0,2,0,0,0,1,1,0,1,2507
9826,2500,1,0,250,30,0,0,0,0,1,0,0,1,1,0,1,1,2500
173832,25,0,0,0,1,25,35,110,1,0,0,0,0,1,1,0,4,25017
1,27,2220,1110,21500000,0,1,1,0,0,0,0,0,1,0,0,1,1,250117
57265,2,25,0,0,0,260.0,1,0,0,1,0,0,1,1,0,0,1,25127
2,37,25,27000,0,45,0,10,0,0,1,0,0,1,1,1,1,0,2500
23305106,7,250,1,3,45,9710.0,0,1,0,0,1,0,0,1,0,1,1,2502
2708164,25,25,1,100,0,225223200.0,0,1,0,1,0,1,1,0,1,0,1,25174
2589625,25,00,05,25,29800,0,20,170,0,1,1,1,2,0,1,0,1,25001
76800,250,0,1,25,2500,0,1,1,0,0,1,0,1,0,1,1,1,25017
724003163,3,0,2590,6,25000,0,9,1,0,1,1,0,1,1,2,1,1,250097
54805,25,25,180,6700,1,48.0,1,1,1,0,0,1,1,0,0,1,1,25022
77979,25430,1,150,28,60,110.10.0,1,0,0,0,1,0,0,1,1,0,0,25010
34928,25,2850,25,0,16,3500.1,0,1,0,0,0,1,0,0,0,1,2,1502
77425025,253,15,420,0,1,1100.0,1,0,1,0,0,1,0,1,0,1,1,25003
295255565,25,15,2200,1,4,94,436,0,0,0,0,0,0,0,0,1,1,2501
792,2500,35,0,3,21,2,0,0,1,0,0,0,1,0,1,1,1,2501
87465,25,250,20,50,3,431,0,0,0,1,1,1,1,0,1,1,0,250214
217207562,25,23100,1,75,140,0,0,1,0,0,1,1,0,0,0,1,1,250177
72883622,20,2,00,0,0,0,1,1,0,0,0,1,0,1,1,1,2,25030
74,224,2500,1,40,8,30,20,0,0,0,1,0,1,1,1,1,1,250177
218681,255,46,210,0,0,0,20,1,0,0,1,0,0,1,1,1,1,2501
790,428,2300,0,8,1,447,0,0,0,0,1,0,0,0,0,0,2,2501
7128,25,1000,0,0,0,0,0,1,0,2,0,0,0,1,1,1,1,2500
713,290,95,1,83,42,3,0,0,0,0,0,1,1,0,1,1,1,25017
280,25,22,15,1,100000030,0,0,0,0,0,0,0,0,1,1,1,1,25017
27483625,22,10,1,44430,0,0,0,0,1,0,1,0,0,1,0,1,1,25022717
9549,620,0,7,25,0,0,0,1,1,0,0,0,1,1,1,2,170,2501
2782,25,23000,0,5422,2500,0,0,0,0,0,1,0,0,1,1,0,1,221572
7080,2,1,14,6,1300,0,0,1,0,1,1,0,0,0,0,1,1,2521
1216728259,250,2,8,2500,0,1,310,21,0,1,0,1,0,0,1,0,2,25007724
2565595,22,255,59000,0,1,0,1,42201,25,00,0,0,0,0,1,1,2,25010
2228410,55,250,15,1,1,0,1,0,0,0,0,0,0,0,1,1,1,250776
7820656,25,2,25000,0,424,1400.1,0,0,2,0,1,1,0,1,1,0,0,2507
3374050,211,25,2,60,10,0,0,0,0,0,1,1,1,0,1,1,1,25037
2320,25,1,1,250,15,10,0,0,0,1,1,1,1,0,0,1,1,2503
2,8,1,0,0,0,0,0,0,0,0,0,1,1,1,0,0,0,25049
2,9,2340,0,0,0,0,1,0,1,1,1,1,1,0,0,1,1,250
107321,25,25,20,1,36,360.100.0,0,0,0,1,0,0,0,1,1,0,1,250277
1,293,2300,0,1,28,180.0,0,1,0,1,0,0,0,1,0,1,1,25087
3960,1,2,2500,0,0,0,0,0,0,1,1,0,0,0,1,1,1,2501
9218,25,25,230,1,0,19,0,1,1,0,0,0,0,0,1,0,1,2502
827,25,24,13,0,0,110,0,0,0,0,0,1,0,0,0,1,1,2501
7982025,25,200,2,1,11,3,0,1,0,0,0,1,0,1,1,1,1,250217
74,838,25,22,2590,2,2100.0,0,1,0,1,1,1,1,0,1,1,2,2517
79223855,225,25,1200,20,11,0,62,150,0,0,0,0,0,0,0,1,1,2510
79200,4,270,100,1,831490,0000.0,0,0,0,1,0,1,0,1,1,2,1,25007
272595,250000,20,1,1,25,1600,0,1,1,0,0,1,0,0,1,1,1,250317
728,5,25,230,16,20,23400,0,0,0,1,0,1,0,0,0,1,1,2501
1385,25,52,28000,8,30,1,1,0,0,0,0,1,0,0,1,0,1,25027
2,25,21000,0,0,1,1,1,2,0,0,0,1,0,1,1,0,1,2502
781,26487,9210,0,2,1,2,1,0,0,40,0,0,1,1,0,0,1,2502
7925,25,20,19,0,7,1,0,0,0,0,0,0,0,0,1,1,1,250279
7588525,251,5,180,0,1,45.0.600.0,0,0,0,0,1,0,1,1,0,1,1,25017
72991,25,4230,2,36,161,390,0,0,0,1,0,1,0,1,0,1,1,2502
915558,25,15400,0,86,0,14030,0,0,0,0,0,0,1,0,0,1,1,25078
57782,25,230,70,1,19,10000,0,1,0,1,0,1,1,1,0,0,1,25027
599,25,22,400,0,000,0,1,1,0,0,0,0,2,0,0,0,1,2501
10845,25,30,20,3,142,0,1,1,1,0,1,3,1,0,1,0,1,2502
86574,55,250,1,2,10,20,0,0,0,0,0,0,0,1,1,1,1,2502
0,255,25,190,25,179,3920,13,0,0,0,0,0,0,0,1,0,1,2501
48788,25,250,0,166,33,6800.0,1,0,0,0,0,1,0,0,1,0,1,25012
79467722,25,45,1,4101,34,400,1,0,0,0,1,0,1,0,0,1,0,2531117
7910,22,2500000,0,27,20,20.0,0,1,1,0,0,1,1,1,0,1,0,25017
716378,25,28000,0,2,4,15,19,0,0,1,0,0,0,1,1,0,1,25077
25,25,250,20,0,1,2,1,0,120,1,1,0,1,1,0,1,1,25017
2713590,25,125,1,1,300,0,1,1,1,1,0,0,0,0,0,1,1,25027
28,25000,11,35,9,189,171,1,0,0,0,0,0,0,0,0,0,1,25017
734321625,25,00,1,1,25,151.,143170,0,0,0,1,0,0,1,0,1,1,25117
83,42,25,1,24000,0,2500,0,1,0,0,0,0,0,0,0,0,1,25002
920653,26,25,150,10,1,1,45,5009,0,0,0,1,1,1,1,2,0,2501
567,5565,25,2510,23,840,17.0,1,1,0,1,0,0,0,1,1,1,1,2502
228,25,20,0,6,110,0,0,0,0,1,0,1,0,1,0,1,1,2501
47,270,25,0,10,15,52030.0,0,0,1,0,1,0,0,1,0,1,1,2501
2723,25,480,0,40,0,0,0,0,0,0,1,0,1,0,1,1,1,25017
5277,25,2500,1,1,90,0,1,11,0,1,1,0,0,1,1,0,1,2500
40,258,25,6000,0,74,2000.0,0,0,1,0,1,1,0,1,0,2,0,2504
7165,255,289200,0,25,10,00.0,1,1,1,0,0,1,1,1,1,0,1,2501
15,220,253,2000,63,23,18000,0,0,0,0,0,0,1,0,0,1,1,25011
724,4,25,20,49,34,0,0,1,1,0,1,1,1,1,0,1,1,25017
92955,59200,43,40,1,159,0,0,1,0,0,1,0,0,1,1,1,2,25027727
577466,25,2,020,0,0,1,0,0,0,0,1,0,1,0,1,0,0,25017
767091,25,0,23,0,1,15,10,1,0,0,0,0,1,0,1,1,1,2502
2678,25,40,0,2490,20,14,1337000,0,0,0,0,1,0,0,0,0,1,2501163
91628,2531,2,450,2260,0,41000.0,0,4,0,0,1,0,0,1,1,1,1,25272
1218,25,2500,1,0,1,0,1,0,0,1,0,0,1,1,2,0,1,250276
7492,25,2500,0,3,410,1,0,1,0,0,0,0,1,1,1,1,1,25017
58868,25,25,40000,0,1,47,0,1,0,0,1,0,0,0,1,1,1,250177
7898,25,3,12300,0,0,0,1,40,0,0,0,0,1,0,1,2,1,2501278
00,0,65,25,16,1,0,0,1,0,1,0,0,0,1,2,0,1,2500
726625,25,1000,2,4,14000,0,1,3,0,1,1,1,1,0,1,0,0,25017
331280,29,1,2880,0,1,230,400,0,0,0,1,1,1,0,1,1,0,250177
710,85,25,10,0,6,62,061,150,0,1,0,1,0,1,1,1,1,25217
71734565,4,25000,0,6,9,10,1,1,0,1,1,0,1,0,0,0,1,250271
73823,2,255,23,0,20,895,24000000,0,0,1,0,0,1,0,0,1,0,2501
2726,6500,24,57,1500,0,1,2,6,11,2,0,0,1,1,1,0,4,2500
3116478,25,0,0,0,1,25000.0,0,0,0,0,1,0,1,0,0,1,1,2501
25,25,35,2530,5,0,0,1,90,1,0,0,0,0,1,1,1,1,250177
41725812,20,27,1,15,1600,4490000,0,0,1,0,0,0,1,0,1,1,0,27072
79675628,27,22,1000,0,1,32200,1,0,0,0,1,0,1,0,1,1,2,15717
821,27,2800,11,6,2,61,43,0,0,0,0,0,1,0,0,0,2,20017
2743,25,250,0,491,7,1,10,0,0,0,0,0,1,0,1,1,1,2521
8302160,250,1,253000,231,1,16,1,1,0,0,0,0,0,0,1,0,1,2502
9276220,25,2,27000,0,8,39,0,0,1,0,0,1,0,1,0,0,0,25057
52,25,200,0,0,1,0,0,1,0,1,1,1,0,0,1,1,1,25012
780,25,25,25,100,10,160,1,0,0,0,0,0,0,1,0,0,1,25107
5,25,2500,2,453,25,168,0,16,20,0,0,0,1,0,1,0,0,2501767
27251,25010,40,0,20,9500,0,0,0,1,1,1,0,1,1,0,1,1,2501
777040290,6,50,0,1,1,40,20,1,0,0,1,1,0,0,1,0,1,252147143688
427,15,142100,0,0,8,1,1500,0,0,1,0,0,1,1,0,1,1,2000187
71733,25,20,0,66,25,37000.0,0,0,1,1,0,0,0,1,0,1,1,25013
9905925,520,230,1,21,10,0,0,0,1,0,0,0,1,0,0,0,1,2501
178222,25,965000,0,1,25,190,0,0,0,0,0,0,0,0,0,1,1,250027
1228325,25,23000,25,23,13,0,0,0,0,1,0,0,1,1,1,0,1,25017
213,25,0,150,4,70,150.0,1,0,0,1,0,0,1,0,1,1,1,250116
77729,25,27,1,22000,31166,0800.0,0,1,1,0,0,1,0,1,1,1,1,250199
8114739,62641,22000,0,0,1,0,1,1,0,0,0,1,1,1,0,2,0,25022
33196,25,446,4500,0,0,0,4,1,0,1,1,0,0,0,0,0,2,250
225825,5,2500,25,51,30,0,38,800,0,1,4,1,0,0,0,1,1,2501
805829,25,25,100,1,1,9,0,0,0,1,1,0,0,1,0,1,1,2501
458420,25,200,0,1,44,0,40,70,1,0,0,1,1,0,0,1,1,25019
12935,25,23,5300,2500,1,490,140,1,25,0,0,1,0,0,0,1,1,25017
090,0,1,0,1,5,251291321,1600,0,1,0,1,0,0,1,1,1,1,250177
722,25,15000,1,25,1400,25800.0,0,1,0,0,0,0,1,1,0,2,1,25017
7332892,26,40,90,1,2000,0,0,0,1,0,0,1,1,1,0,1,1,25012
07323,25,220,0,10,31,0,0,0,0,1,2,0,1,1,0,1,1,250010
54240,4250,25,210,0,3,13,0,0,0,0,0,0,1,0,1,0,1,25111
795795,250,14,125,1,0,1,1,11000,0,0,0,1,0,1,0,1,1,250179
979569,15,25,25,120,90,0,20,10,0,0,0,0,0,0,1,1,1,2501
259,1,25,4500,0,1,29,2,34000,0,0,1,0,1,1,0,1,1,250129
579110,2,250010,1,1,2,0,0,25000,1,0,1,0,0,1,0,0,1,25007
79,2841,040,1,1,25,21000.0,0,0,1,0,1,1,1,0,0,1,1,2500
992,25,250,20,0,090,0,0,0,0,0,0,1,1,1,0,1,1,2502
2873250,289,2620000,1,4640,1,20,0,0,1,0,0,1,0,0,1,0,1,250207
97225,25,16280,0,6,0,0,0,0,1,1,0,0,0,1,0,0,2,2500
1724,25,2500,0,1,2,24,250,11,10,0,0,0,0,0,1,0,1,2500
2910,2900,1,3490,1431,2531,13,1,0,1,0,0,1,0,0,0,0,2,1501
2731,2520000,1,7,3,31,00,1,1,1,1,0,0,0,1,1,1,1,25020
733,0,25,2,18,2980000,0,0,0,1,1,0,0,0,1,0,1,1,25027
8,2,2571,00,44,16,60.0,1,1,0,0,0,0,0,1,1,0,1,2507
050,20,5,83,200,4,90.0,0,0,0,0,0,1,1,0,1,1,1,25007322
52255,25,25600,0,99,26,1500.1,1,0,0,1,1,0,0,0,1,0,1,2502
681,88550,22500,0,1,270,0,1,0,1,1,0,0,0,1,0,1,1,25017
2586,25,190,26,30,0,0,0,0,1,1,0,0,1,0,1,0,1,25007
9825,25,81,4990,2,2400,0,0,1,1,0,0,0,1,1,1,0,1,2500
6258,25,130,0,1,47,333,15,0,0,1,0,0,1,1,0,1,1,2502
33768,40,95,250090,0,1,25.483000.1,0,0,0,0,0,0,0,0,1,0,1,2507771
82722648,25,26,2500000,0,0,0,1500,180,0,0,1,0,0,0,1,1,1,2502
58,25,28,28,44790,43,9,1,0,0,1,1,0,1,1,0,0,1,2507
2577,25,25,0,7,0,25,2,30,0,1,0,1,1,1,1,1,0,2501767
86718,2,200,0,1,0,0,1,0,0,0,0,0,0,1,1,0,1,25121
7708700,25,15,20,50,1,10,0,0,0,0,0,1,0,0,0,1,2,2502
5751186,255,10,1,2,1,2210000.0,0,0,0,1,0,0,0,1,2,0,1,25000
22536,65,130,2,2,90,40,0,0,0,1,0,0,0,0,1,1,1,2501
427621,25,20,1,1,1,0,0,0,1,0,0,1,0,1,1,2,0,25007
82400,270,1,15,2476,00,0,0,0,0,0,1,0,0,0,0,1,1,25517
8825,2,280,1,5,100,0,0,1,1,1,0,0,0,0,0,1,1,25077
765773825,25,200,0,9,26,340.1,0,0,1,0,0,0,0,1,1,1,1,250129
71606565,2,25,10,11,1,340000.0,0,1,0,1,1,0,0,0,0,0,1,2502
836565,258,25,411600,0,1,25,0,900,0,0,0,0,0,0,0,0,0,24017
788782,25,4000,0,9,4307,43.030,00,0,0,1,1,0,0,1,0,1,1,25017
0,35,09,1400,0,1,0,0,1,0,0,1,0,1,1,1,0,1,2502
57945,25,35,100,0,0,1,10,0,1,0,0,0,1,0,1,1,1,25017
9970,2,27,10,1,25,9,0,1,0,1,1,0,1,0,1,1,1,250129
373,9565,25,252,25,1922603,7100.1,0,0,1,1,0,1,0,0,1,0,1,25010
0,25,2590,1,5,370000,0,0,0,0,1,1,1,0,0,1,1,1,25027
2,54,0,10,11,0,1,4,1,0,0,1,1,1,1,1,0,0,25010
5,50,28,27,0,1,0,0,0,0,1,0,1,1,1,0,1,1,25011
3570,250,20,0,0,35,0,0,0,1,1,1,0,1,1,1,1,1,250179
27,25,258,02,22200,0,1,1,1,0,0,0,1,0,0,1,1,1,2502
721,25,100,13,250,1,0,0,0,0,1,0,1,1,1,0,1,1,25007
47742825,25,450,0,0,0,0,2,0,0,0,0,1,1,1,1,1,0,25007
77702,25,25,26,24300,3,2500.0,1,1,1,0,0,1,1,0,0,0,2,25027
576,972,25000,1,20,25,900.3,1,0,0,0,1,0,1,0,1,0,1,250
76865,25501,25,2,40,1,25000.1,1,340,0,0,0,1,0,1,0,1,1,25013
5,25,22,0413,31,0,14,10,1,0,0,1,0,1,1,0,1,1,2507
7781,25,200,25,11,0,0,1,1,1500,0,1,0,0,0,0,1,1,2511237
7787128,25,2,250,0,43,0,0,0,1,0,1,0,1,0,0,0,1,2509
5,25,220000,0,9,1423,35000.0,0,0,1,1,1,0,0,1,1,0,2,25019
3382825,25,230030,1,2,6,695.0,0,0,1,0,2,0,0,1,0,1,1,2017
81660,25,26,080,490,7,6600.0,0,0,1,0,0,1,0,0,0,0,1,250
11775,25,25,22,0,0,0,10,0,0,0,0,1,0,1,2,0,1,25021
777321,9,25,8200,3,32,91000.0,0,0,0,0,1,1,0,1,0,0,1,25017
22,25,250,0,14630,51,106.2000.0,0,0,0,0,0,0,0,0,1,0,7,25001
829,25,22,210,10,13,250,0,0,1,0,1,0,0,1,0,0,1,2502
7789870,2520,9,0,0,0,0,1,1,0,1,1,0,0,1,0,0,1,25027
759168625,85,25,00,2530,0,1,1,0,0,0,0,1,0,0,1,1,1,257171
177353423,1,2500,1,17311381,4,25,3570,0,0,0,0,0,1,0,0,1,1,25027
0,25,58,36,25020,9,0,1,0,0,0,0,1,0,0,0,1,1,2502777
677,2524205,2,24,150,28,8,0,10,0,0,1,1,0,0,1,1,1,2501
26485485,25,25,2400000,48,120,0,0,1,0,0,0,0,0,1,0,0,1,2501
23805,25,26,2500,0,130,35000.0,0,0,0,1,1,1,0,0,0,1,1,2502
7727865,25,0,26,2500,1,20,0,0,0,0,1,1,0,1,1,1,1,25017
7151,1,110,27000,0,1,0,0,0,0,0,0,1,1,1,0,1,1,2502
205726,25,200,3,090,165,15,230,0,1,1,1,0,1,0,1,0,0,2501
865,12,9,11000,0,0,0,0,0,1,0,0,1,0,1,0,0,1,2520
728732,25,220000,9,90,16,3600.0,0,0,0,0,0,1,0,0,1,0,1,2500773
777,92,220,1,1,26,5,20,0,1,0,0,0,1,1,0,0,1,250
27168564,2,2,15,0,0,10,15,30,0,0,0,1,0,0,1,0,1,2501
82522250,25,51500000,40,0,0,1,1,1,1,1,0,0,0,0,1,1,1,25277
73,265,15,11,10,0,411060,0,0,0,0,0,0,1,0,0,0,1,2501
5318,25,25,1,88,0,12,11,10,0,0,1,1,0,1,0,1,2,250169
3821,735,25,2200,00,2,00,1,0,1,0,0,0,0,0,1,1,1,2502771
5355,5,21,250,2,1,0,0,4,61,0,1,0,0,0,1,1,1,2507
521725,45,20000,20,26,16,440.0,0,1,1,0,1,0,0,1,1,1,1,25077
0818,9,25,25,101,3,32130,95000,0,0,0,1,0,1,1,0,1,1,250277
965,65,220,0,25,410,0,0,1,1,1,0,1,0,1,1,0,1,2502
16383125,25,2900,13,25,10,940,0,0,1,0,1,1,2,1,1,0,1,25023
2,25,11,1600,0,0,0,0,1,0,0,0,1,0,1,1,0,1,250109
612865250,25,2310,900,3,10,03901.0,1,0,0,0,1,0,1,0,1,1,1,25012
5525,25,25,230,0,58,010,1,20,0,1,0,0,0,0,0,1,1,2501
615,850,25,25500,1,25,0,20,0,0,1,0,0,1,0,0,1,1,25072
27222,25,100,0,49,4,530340.0,0,0,1,0,1,1,0,0,220,1,15,2512
594253250,9,250,20,80,25,310600.0,0,1,0,0,0,1,0,1,0,1,1,2501
2446,23,25,2200,20,22,0,0,25,040,0,0,0,0,0,1,1,1,25017
715,45,250,5,230,44620,2,110,0,1,1,0,0,0,0,0,1,1,25007
082,25,240,0,0,0,2515.0,0,0,0,0,1,0,1,1,0,1,1,2501
92995,2,25,5,240,1,1,1,0,0,1,10,0,0,0,0,1,2,25010
7977,25,10,20,6,9,16-80,0,0,0,0,0,0,1,1,1,1,2,25012
67,126,2540,44,25,00,0,0,0,0,0,0,1,1,1,1,0,1,25017
71282,25,25000,0,990,20,0,0,0,1,1,0,1,0,1,0,1,2,1501
51427,54579,225,0,26,70,9,19,90,0,0,0,1,1,1,1,0,1,250270
721,24,0,2700,0,0,1,0,0,0,1,0,1,0,0,0,0,1,25027
217998,2501,91,2501,84,1,100,8,0,1,0,0,1,0,4,1,1,1,25027
67,25,25,10,1,3,200.0,1,0,0,0,0,0,1,0,1,1,2,2507
817,255,259,250000,7,15,1,19,870,1,1,0,0,0,0,1,1,1,2501
27885,21,1,2300,0,64,21.1,13610,1,0,1,0,1,1,1,2,0,1,25170
37792259,25,2100,1,3,830,0,0,0,0,0,0,0,1,0,1,0,1,2501
37677525,25,1,400,1,0,0,1,0,0,0,1,1,0,1,0,0,1,2501
-38311465,25,2,1,1500,36,11,0,0,25000000,0,0,0,0,1,0,1,0,2501
2177865,25,1,20,25,1,201,0,0,0,0,0,1,1,0,1,1,0,25012
0,0,0,0,0,1,0,0,0,0,1,1,0,0,0,0,1,1,2500
1256,2,21,1,122710,0,0,1,1,0,0,1,1,1,0,1,1,1,2507
7291625,25,202,0,0,1,250,100,1,0,0,0,0,0,1,0,0,1,2501777
7728,25,2,0,25,15,82,0,10,1,0,0,0,1,1,0,1,0,25019
995292,27,2,0,710,67,250.0,0,0,0,0,0,1,1,0,0,1,1,25017
225,25,25,4150,220000100,0,450,1,0,0,0,0,0,0,1,0,0,1,25007
6525,53,255,25000,0,25,1640.0,1,1,0,0,0,1,1,0,1,1,1,25147
3629,255,220,1,9,2,320,0,1,0,0,1,0,0,1,0,0,1,2501
772,75,250,10,00,22,0,1,1,0,0,1,0,0,1,1,0,2,25007
3329,250,9,25,150000,0,0,1,0,1,0,1,1,0,1,1,1,2,25007
97880,25,25,1,60,0,41,3,170,0,2,0,0,0,0,1,0,1,25019
7862,25,2,25,18,1,480,30,0,0,0,1,1,0,0,0,1,1,25737
229,258,45,4,65,10,0,1,25,330,0,0,0,0,1,1,0,1,2507
8322,91,26,25,0,2439,25,0,2,0,1,0,0,0,0,0,1,25,24
8,725,258,25000,0,1,2228,1,460000,0,0,0,1,1,2,1,0,1,25020
197225,2500,2,228000,0,0,1,0,0,0,0,0,1,1,1,1,0,1,2502
4160722,45,25,6500,0,14,3990,0,0,0,1,0,1,0,1,1,1,250,25009
9852636523,25,52000,0,15,363,63,0,1,1,0,0,0,0,0,0,2,0,25007
550,25,221000,0,6,250030,10.1,0,0,0,0,0,1,1,1,0,0,1,25017
22,253,25,42200,0,0,0,1,1,0,7,30,0,0,1,1,1,1,2500
408063925,2520,21000,1,1,360,2590.1,0,0,1,0,1,0,1,0,1,0,1,251271
6670,2210,1,25,400,19424,141000.0,0,0,0,0,0,1,1,0,1,0,0,2501
2782,55,2,0,0,9,28,0,0,1,4,0,0,0,0,0,0,1,250177
7762,0,0,25,17,20100,0,0,0,0,0,0,1,0,0,0,1,0,25012
72854,220,17,4,31,18,2500.90,0,0,0,1,0,0,0,0,1,0,1,2502
77258,59,25000,0,44,34608,0,0,1,1,1,1,0,0,0,1,1,1,250127
3340,25,2550,20,31,220,3,43,96,0,0,0,1,1,0,1,0,1,2507
1922,0,25,42800,6,1,24,3,0,1,0,1,0,0,0,0,1,1,25013
272590,26,75,250,1,230,10,3,0,0,1,0,0,1,1,0,1,1,25117
70631422422,20,2,250000,23,2,1430010,1,0,0,0,1,1,0,0,1,0,0,25012
25,29,55,200,4,1676,17000.0,0,0,1,1,0,1,2,0,1,0,1,25017
792052,2590,29,0,18,30,0,1,0,0,0,0,0,0,1,1,1,1,2507
64365,250,670,69,0,25,750,1,0,0,0,0,1,0,1,0,0,0,25227118
-778627,252000,9,543,13,1,10.0,1,0,0,0,0,0,1,0,0,1,1,2501
1,46,840,0,3400,0,1,0,1,0,0,1,0,0,0,1,1,1,25091376
771726,25,25,200,9,10,1,0,0,1,0,1,1,1,0,0,0,1,2502
2799,2,25,25,0,16,23.1,0500,0,1,0,0,1,1,1,1,1,1,250
21,3,250,370,11,23,0,200,0,1,0,1,0,0,1,0,0,1,251213
81,5,05,25,290,10,0,1,3141,0,0,0,0,0,0,0,0,1,25017
92165655,110,2,20,0,4610,0,1,0,1,1,0,1,1,1,0,1,1,25011
7,25,25,152000,1,1,47,7,16,0,0,0,1,1,1,1,1,0,25011
22,1501,28,140,0,35,30,0,0,0,0,0,0,1,0,0,1,1,2501
3620,25,26685,25800,2,400,0,0,0,0,0,1,1,1,1,0,0,1,250
24614,2,250,1,33,1220,10000.0,0,0,0,0,0,0,0,0,1,1,2,25057
82713965,2,1,1,2500000,0,1,0,0,0,0,0,0,0,1,1,0,1,2500
972262,2500,30,200,11,0,1,1,0,0,0,0,0,1,0,1,0,1,28011
827894,25,0,0,0,0,0,1,1,0,0,1,0,1,1,0,1,1,2501
385235,250,25,2400,0,9,90,0,0,0,1,0,1,1,0,0,0,1,2512290
270121,25,20,250,0,2,0,70,1,0,0,1,1,1,1,1,1,0,2501314
220,15,25,170,6,9,541000.0,0,0,0,1,0,0,0,1,1,0,1,25013
20,121421021,1,1,27,15,1,1,0,1,8,0,0,0,0,0,1,1,25025
650,25,2,2500,25900,0,90,10,1,0,0,1,1,0,0,1,0,1,25011
4095825,25,253000,0,1,43,19,2,10,1,0,0,1,0,1,0,1,1,25027
738,25,25720,0,25,32,46800,0,0,1,0,0,1,1,0,1,0,1,2501
214555465536,250,250,0,0,2,0,0,0,1,0,0,1,1,1,1,1,0,250577
2700,0,25,4360,7,2530,48,0,0,1,1,0,1,0,1,1,0,1,25007
700,920,2,0,2500,0,0,0,0,0,0,0,1,1,0,1,1,1,257177
2,25,2500,0,20,7,64421000.0,0,0,0,1,0,0,0,0,0,1,1,250191
72125,25,21,42,0,0,9,4,00,1,0,1,0,0,1,0,1,1,22010
0,251,10,27,25000,0,25,21000,28,20,0,0,0,0,0,0,1,1,2502
855,25,25,10,00,230,0,3,1,0,1,0,0,1,0,1,1,1,25002
1825,25,210,30,2,2,261,0,0,1,0,1,0,0,0,0,1,2,2501
770845,25,1,2303,25,1,60,16,13000,0,0,0,1,0,1,1,1,0,25021
987525,2,20,0,12190,0,0,0,0,0,0,0,1,0,0,1,1,1,2520
27,250000,1,250,130,0,7,0,0,0,0,0,1,1,1,1,1,1,2500527
325,25,1,0,2,68,1300,0,1,1,0,0,0,4,1,0,0,1,25013
77049,25,20,0,0,354,6000.0,0,0,1,0,0,0,0,1,0,0,0,25017
172552,25,25,250000,1,1,270,0,1,0,1,0,0,0,0,0,0,1,25707
128,20,256,2500,1,45,147610.0,0,0,0,0,1,0,1,0,1,1,1,25017
5382164,255,2,000,439,225,11000.0,1,0,1,1,1,1,1,1,1,0,1,2501
391062504,22,00,0,0,1,660,0,1,0,0,0,1,0,0,0,1,1,2502
2226260,25,250000,20,0,1,0,0,0,0,0,1,1,0,1,1,2,0,25017
8284,252,8,1,410,1,3030,0,0,0,0,0,0,1,0,0,1,1,25007
17320,0,440,27,04960,1,0,0,1,0,0,1,0,1,0,0,1,25,250615
2268,25,25,280000,1,4,0,61,0,0,0,1,0,0,0,0,0,1,2501179
79116,25,263,2500,2,19,91.11.1,0,0,1,0,0,1,0,0,0,0,1,2502
274584,250000,54,21000,0,1,1,0,1,0,0,0,0,1,1,0,0,1,2501
79,253,2540,20,38,1000,0,0,1,0,0,0,1,0,0,0,1,0,2501
22,2568,25,2180,210,8,430,1,10,0,1,0,0,0,1,2,1,1,2500
72,65,2510,9,20,10,0,0,0,0,1,0,0,0,0,1,0,1,2500
3550854,25,2000,1,1,0,1,1,2500360,0,0,1,1,1,1,0,1,1,45007
216,25,25,960,1,91,3030.0,0,4,1,1,1,0,0,0,0,1,2,2707
6922825,228,1,0,2300000,0,1,0,0,0,0,1,0,1,1,0,1,1,25019
07605,23,28,27,0,16,260000.0,0,0,0,1,1,0,1,0,1,0,1,25007
225,225,2710,9,25,0,100.5,0,0,1,0,0,1,1,0,1,0,1,25017
9757,2250900,257,4,4,95,230,0,1,0,1,0,0,1,1,0,1,0,2521
8577265245,5,2,150,10,230,20,0,0,0,1,0,0,1,0,0,1,1,25008
8659,21,200,0,3,250,0,0,0,0,0,1,0,0,1,1,1,1,251127
770939,25,2,5,1100,0,1,0,1,0,0,0,1,0,0,2,1,1,25003
22335,25,20,11,260,0,0,1,0,1,1,0,0,1,0,1,0,1,25027
5790,22,20,24,4,0,1,0,1,1,1500,0,1,0,0,1,1,1,25009
925625,25,20,0,19,9,1000.0,0,0,0,0,0,0,1,0,0,1,1,250
1784,25,0,2,1,090,0,0,1,1,0,1,1,1,0,2,0,1,25027
77723654,25,26,6,100,1,0,15,150,1,1,0,0,0,0,1,0,1,25077
2825,250,30,0,1,22,16,0,1,1,0,1,1,0,1,1,0,1,2501
992581,27,2500000,2,92,10,140,1,1,0,0,0,1,1,0,1,1,1,25017
71217986254,20,25,25,1,0,100,0,1,1,0,0,0,0,1,1,1,1,250027
2335,200,25,25,13200,14,9721.10,1,0,0,0,0,1,1,0,1,1,0,25017
9,255,2700,1,60,3,0,0,0,0,0,0,0,0,1,1,0,1,25027
73179210,250,8,25,0,3,1,1,0,1,1,0,2,0,1,1,1,0,2550
71385564,125,2000,0,81,34170500000,1,0,0,1,0,0,1,0,0,1,2,1,2507
57,215,24900,1,1,25,630.8,10,0,0,0,0,0,1,1,1,0,1,250177
702,144,250,1,7,25000,0,1,120,0,0,0,0,1,1,1,1,0,2501
2785,25,2,2400,21,471,2400.0,0,0,0,0,1,1,1,0,0,1,0,25087
25,25,2500,15,21,13,90,1,0,0,4,1,0,0,0,1,1,0,2502
0,55,250,440,44,10,16,0,1,0,0,0,0,1,0,0,1,1,2507011
7709,11,450,21,1500,0,1,1,1,0,0,1,1,0,1,1,1,1,25020
4,252,22,0,1,4482127900,1,0,1,250000,0,0,0,0,0,0,1,1,25017
2425,29,45,25,150,0,25,3480,7,0,1,0,0,0,1,0,0,1,2501
95747,25800,0,9,20,14,2500,0,0,0,0,0,1,0,0,0,1,2,2572
08,154204,25,25,28000,1,0,1,1,0,0,20,1,0,0,0,1,1,25073
7713880,25,22,1,280,3,16,0,0,0,0,1,0,1,1,0,1,1,2501
46826,25,20000,0,0,0,1,1,1,1,1,0,1,1,0,1,0,1,25012
7654522,1,2500,0,49,100,0,1,0,0,0,1,1,1,0,1,0,1,25016
231385,25,25,1,0,1,25,25,140,0,1,0,1,0,1,0,1,1,25017
7654855,255,1500,23,28,11000,1,30,05,0,1,0,1,1,0,0,0,1,25013
25,4525,28,2,1231,27000900,24,10,20,0,0,0,0,0,1,2,1,1,25010
7770,9,25,2500000,0,1,31,0,1,0,0,1,0,0,1,0,1,1,2501114
139,25,2,4400,1,11,35100.1,1,0,1,1,1,0,0,2,1,1,0,25019
771,24,625000,1,1,9,1,140,0,0,0,0,1,0,0,1,1,1,25027
741495,25,2000,0,5,84613,14230,1,13,0,0,0,0,0,0,1,0,1,25013
2718,252200,110,18,1,50,0,1,0,1,0,0,0,1,1,0,0,1,25187
73389220,25,25,200,1,14,4400.0,0,0,1,0,1,0,0,0,0,1,1,25050
4488,2,2500,28,2,13900,1,160,0,1,0,0,1,0,1,0,0,1,2507
7768655,255,132,20,1,25,20,3200,0,1,2,0,1,0,0,1,1,0,250147
4271566257,25,25000,1,280100,11,1,0,0,0,0,1,1,0,0,1,1,1,25016
17834,25,2500,10,1,0,1,0,1,1,050,1,0,0,1,1,1,1,2502677
798426,25,25000,190,3420,10,0,0,1,0,1,0,0,0,1,0,0,1,250127
486313,2,8,25000000,0,2,25.1,0,0,0,0,0,1,1,1,0,1,1,251172
88644,72,272,25,0,0,3,250,10,0,0,1,0,1,1,0,1,1,2500
27936255,22000,0,20,1,10,1,1,0,1,1,0,0,0,0,1,1,1,25027
7973053,25,2700,6,4,3410,2500.0,0,2,1,0,1,0,0,0,1,0,1,2501297
6288295,25,200,9,3,00,0,1,1,0,0,0,0,0,1,0,1,1,250777
781,25,24322000,0,25,12,780.0,0,1,0,0,0,0,0,0,1,1,1,250775
28,25,235,000,0,190,0,0,0,0,0,0,0,0,0,1,1,1,25177
871,25,1,25,240000,0,1,0,1500,0,1,1,0,0,1,1,1,1,25017
745566,2,0,25,4200,1,23,20,0,0,0,0,1,0,1,0,1,1,2512796704
7,74149,280,25,25,1,1,32,1162,0,1,0,0,0,0,1,1,0,25013
05,25,26,25,01,2200,0,0,0,0,1,0,0,0,1,0,1,1,2501
78091,45,2420,27,16,61,133000.0,0,0,0,0,0,0,1,0,1,1,1,2507
53795,25,230,3,23000,0,1,1,0,1,1,0,1,0,0,1,0,1,252077
859,22,100,0,47,950,0,1,0,1,0,0,0,1,0,1,0,1,2501
15090,25,25,20,1,16,640071,28,15,0,4,0,0,0,1,0,0,1,25000
05,5,257,12,23690,0,40,0,0,1,1,1,0,1,0,1,1,1,250
927471,25,25,2500,0,1,60,1,1,0,0,1,0,0,0,0,0,1,25007
-825,21620,6,160,3,49,0,0,0,0,1,0,0,0,1,1,0,1,250
7225,2,27,25,90,1669,0,0,0,0,1,1,1,1,1,1,0,1,2501
7737654,25,25410,25,53,00,0,0,0,1,1,0,1,0,1,1,1,1,25012
2064,25,660,1,0,0,0,0,0,1,0,1,0,0,1,0,0,2,25007
091,0,0,0,1,2000,0,0,0,1,0,1,1,1,0,0,0,1,2520
22,25,45,25,1900,190,31,9,0,0,0,1,0,1,0,1,1,1,25028
585845,25,25,05121000,0,0,0,0,0,0,0,2,0,0,0,1,0,1,25017
7522,62,25,1131,290,1,9,3,0,1,0,0,4,0,0,0,1,1,2501
9518355,2,250,1,470,0,1,0,1,0,0,0,1,0,1,0,0,1,2507
44769376,255,25,10,9440,10,0,1,0,0,0,0,1,1,0,1,0,1,250172
79437,2500,0,27,28,9400,0,0,0,1,1,1,0,0,1,0,1,1,2501
2743985,23,2,2,00,1,1,0,0,1,0,1,1,1,1,1,0,1,25007
422,1,25,0,25,1200,0,0,1,1,0,0,0,0,0,1,1,1,2507
651,25,25,2563,2600,0,0,0,0,0,0,0,1,0,1,1,1,1,25017
279285,245,20800,0,33,35,0,0,0,1,1,1,0,0,0,0,1,0,257112
231590,280,23,230,1,1,11.0,1,1,0,0,0,0,0,0,0,1,1,2017
7782,25,25000,1,6,1,0,10,0,0,0,1,0,1,0,0,1,1,2501
82525,25,25,1000,49,95,1,0,8,0,0,0,0,0,0,1,0,1,25070
665,25,0,1,25,00,0,0,1,1,0,0,0,0,1,1,1,0,2501
7172,25,20,25000,0,21,650,0,0,0,1,0,1,1,1,1,0,0,201001
7799,45,200,42,15000,0,0,0,0,0,1,0,0,1,0,1,1,1,2502
7970,5,25,15,126,79900,1,1,0,1,1,8,10,0,1,1,0,1,55000
7688302855,25,0,0,0,732100,14.0,0,0,1,1,1,1,1,1,0,0,2,2501
92,20,20,40,99,96,80,0,0,1,0,1,0,0,1,0,1,1,25003
76332,5,8,0,18,1,1200.0,0,0,0,0,1,0,1,0,0,1,0,250
21,25,2,38,0,0,0,1,0,0,0,1,1,1,0,0,1,1,2501
752135,255,0,1,0,1,0,1,0,1,0,0,1,0,1,1,0,0,2500
25,4,2,47,000,1,44,080,0,0,1,1,0,0,0,0,1,1,2513
12755,25,250,000,23,20,17,0,1,0,0,0,0,0,0,0,1,1,2501
72,25,1517,2,25,0,200,0,15,0,1,0,0,1,0,1,1,1,25017
213,56,28,1,110,17,10,0,0,0,0,1,1,1,0,0,1,0,2501
51,25,5900,0,1,0,250040.0,20,1,0,0,0,1,1,0,0,1,1,2502
2275,2711,100,0,50,91,19,0,0,1,1,0,0,1,1,1,1,1,2501717
795921,22200,0,23,14,934,1400.0,0,0,0,1,0,0,1,0,1,1,1,25017
52715,25,1508100,1,25,144,95000.0,1,1,0,0,0,1,0,1,0,1,1,2502
62665,25,1,0,0,0,1307,0,0,0,0,1,0,1,0,0,1,1,25007
7289,25,2503,21,270,1,,4400,0,1,1,0,0,0,2,0,1,1,25013
70825,2,1,152,25,100,0,0,0,0,0,0,1,0,1,1,1,1,25027
9,24910,25,520,35,10,09,930,0,0,0,1,0,1,0,0,1,1,251770
7341354520,2,45,1,7,15116,60360,000,1,0,0,0,0,0,0,1,1,1,25007
762722,250,47,2800,0,0,0,1,0,2,1,0,1,0,0,1,1,1,250077
08000,25,456,7,20,10,1,1,1,0,1,0,0,0,0,0,1,2,25010
225,25,1,90,1,0,14,1,2110,0,0,0,0,1,1,0,1,2,2502
6260000,2,25000,1,68,47,24000.0,0,0,2,1,0,0,0,1,1,0,1,2507
7652,25,25,21000,14,9,280,0,1,0,0,0,0,0,1,1,1,1,2507
3749665,225,20,1,45001,19,16,0,0,1,0,1,1,1,1,0,0,1,25017
3273582,25,1,7240,0,1,2103500.1,0,0,0,0,0,0,1,0,0,1,1,255
8,250,25,8100000,0,0,1,0,0,0,1,0,0,1,1,1,1,1,2501
45992,25,25,90,10,83,15000.0,0,0,1,1,0,0,0,0,1,0,1,2502
238909,2520320,9,27,390,0,1,0,1,1,0,1,0,0,1,1,0,1,25077
71299,25,1,15000,430,470,1,0,0,0,0,0,0,0,0,1,0,1,2500
2595,25,200,25,200,1,43,17400,0,1,1,0,0,0,0,0,1,1,2501
37522,250,166300,42,2200,0,0,1,0,0,0,0,0,0,1,0,1,1,25007
18,828,2500,0,2,0,1,0,1,0,1,0,0,1,1,0,1,0,25089
77778230,2,0,1,19,25000,0,1,0,0,0,0,0,0,0,1,1,1,250179
2592,25,4700,0,1,1,2,1,2,00,1,0,0,1,0,0,0,1,25017
3792577,2230,2,4,4418,1,25,26100,10,0,0,0,0,1,0,1,0,1,2501
598465,250,15,20,0,100,0,0,0,0,0,0,0,1,0,0,1,0,25007
0205,25,0,250,250,11,43,11,300,0,0,0,0,1,0,1,1,1,25007
7784424,25240,1,6,5,61,10,0,0,1,0,0,1,1,1,1,1,1,25017
6706,16,40,224000,0,0,0,1,2,0,1,0,0,0,1,0,1,1,25007
8,252580,24900,0,2,0,11050.0,1,0,0,1,1,0,0,0,1,25,1,2501
2220,2,28,283000,0,3441,2100.0,0,0,0,0,0,0,1,1,0,1,0,25017
708,25,25,25000,1,6,0,0,1,1,0,0,0,0,1,2,1,1,25017
70160,76525,2540,20,1,10,20,20,0,0,1,0,0,1,1,1,1,0,25001
721,25,24,25,1,6,350000,0,0,4,1,0,0,1,1,1,0,1,250
60,26,25,25,21000,1,16,13100,0,1,0,0,1,1,0,1,1,0,25006
9530,258,240,0,22,94,1,1,0,0,1,0,1,0,0,1,1,1,25010
723,2,25,41,0,6,1,10,11,21,0,70,0,0,0,0,1,1,250174
654,255,909,5942000,11,41,95,1,0,1,1,1,1,15,0,1,0,1,2501
7174791224,2,25,1000,0,28,14000.0,0,0,1,0,0,0,0,0,1,1,1,25115
82406,2,23,0,1,2115,1000.0,0,0,0,0,0,1,0,1,0,0,0,25027
80,22,0,22,2500,23,16,0,0,0,0,1,0,1,0,1,1,1,2506901
99172,255,2500,0,25,21031,17,35000,1,329,0,0,0,1,0,1,1,2,15017
73792,25,25,1,250,0,33101.0,0,1,0,1,0,1,0,1,1,1,1,25007
627,25000,0,6,53030,0,0,0,0,1,0,1,0,0,0,1,1,0,2501
786552,55,250,0,2,61,3.0,1,0,0,0,0,0,0,1,0,1,1,2501
917882,255,2200000,1,4,320,1,350,1,0,0,0,0,0,1,0,1,1,2501
15,25,130,25,0,0,1,0,1,0,1,0,0,1,0,1,0,1,25717
4987,26,5,15,280,10,0,25,10,1,110,05,0,0,1,0,1,1,2501
2753,25,25,250,122,25000,25,0,2,33,1,0,0,0,0,0,1,1,200077
741087,26,0,235,1,1,19.0,0,0,0,0,0,1,0,0,1,0,1,25001
279551,5,4,250,0,2,11,43,2200,0,0,0,0,0,0,1,0,1,2501
25,25,2500,6,9,919,370,0,0,0,0,0,0,0,0,1,1,1,2502
5,27,1,25000,9,22,2300.0,1,0,1,0,0,0,0,0,1,0,1,25022
17728255,25,0,0,1,120,0,1,1,0,1,0,1,0,1,0,1,1,25013
2527,8174,22,0,2,23000,0,0,1,0,1,0,1,0,0,0,0,1,25013
23,25,2540,1,28,0,370,0,0,0,1,1,0,1,0,1,0,1,25017
760,7586,25,2500,0,28,65,4500,0,0,0,0,0,0,0,1,0,1,2502
72362,2,1,200,1,51000,0,1,0,0,1,0,0,0,1,0,0,1,25013
797270,28,5,25800,1,22,0,2,0,0,0,1,0,1,0,1,0,1,2502
35530,27,2,0,1,0,0,0,0,0,1,0,0,1,1,0,1,1,25010
7762,25525,240,0,494,130,2100.0,0,0,0,1,1,0,0,1,0,0,1,25017
01415796,25,21,25,5,13000,1,00,0,25,0,1,1,1,0,1,1,1,250274
72253254,25,240010,2,94,1,0,1,0,0,0,0,0,0,1,0,0,1,25007
556852,25,25,18,20,3212,2100.0,1,0,0,0,1,1,1,0,1,0,1,250217
625,25,25,25,0,9,24000,0,230,0,0,0,1,1,0,0,0,1,25017
2574,25,90,1,25,444071,40000,1,0,1,0,0,0,0,1,1,0,1,2410
158523,2,25,2600,0,9,0,2,35010,0,1,0,0,0,1,1,1,1,25002
4375625,25,25,250,10,4500,0,0,0,0,1,0,0,0,2,0,1,1,2500
385862,25,65,1,0,2341,0,0,0,0,0,0,0,0,1,1,1,1,250115
272396,25010,2,90,21,23,0,0,0,1,0,0,1,0,1,0,1,1,25170
983731626,5,11,1500,250,1,16,0,0,0,0,1,0,0,1,1,0,2503,5
25,25,1250,17,440,1,90.0,0,0,0,0,0,1,1,0,0,1,2,25017
52259,2,23,230,1062,70,0,0,20,3440,0,1,0,0,0,0,1,1,250
2,0,250090,0,1,25,2480.0,0,0,0,0,1,0,1,0,1,1,2,157
416819,80,40,4122,2310,2,50,1,0,25,0,0,0,1,0,1,0,1,25027
1553161,25,45,53,25,2800,,96,0,2400,1,0,1,0,0,1,0,1,25001
2,741562,25,28,22000,0,9910,0,0,0,0,1,0,0,0,1,1,2,2501
292,25,25,1000,0,25,30,0,0,1,0,0,0,1,1,1,0,1,25013
25,25,2500,5,65,3145,45.10000.0,0,0,0,0,0,1,0,0,0,1,1,55025706
7793626,25,28,2230,30,4500,140,27000,0,0,0,0,0,0,0,1,0,1,2501
7769592,25,210,1,2000,1,430,0,0,1,0,1,0,1,0,1,1,1,25017
36781,25,26,0,00,4910,0,0,0,0,1,0,1,0,1,1,0,1,2501
7042325,2,2,10,65,110,0,100,0,0,0,0,0,1,0,0,1,1,2502
250,581,1,1525,26,01,2600010,1,0,0,0,0,1,1,1,0,0,1,2501737
791,25,94,1,0,1,1,0,1,5,0,0,0,1,1,1,0,0,250039
22582,25,2,65,150000,1,45,34,0,0,1,0,1,1,1,0,1,1,2500
006,529,530,0,1,561,25000,1,0,1,1,0,0,0,1,1,2,0,255007
3948228,230,3,25,980,1,21.2800,0,0,0,0,0,0,0,1,1,1,1,2501
2628,25,25,1,200,0,35,9847,001,0,1,1,1,1,0,0,1,1,2502
1842,40,2,25,2,1,250,0,300,1,00,1,1,1,1,0,1,1,250117
299538,25,250,0,16,5,130,0,0,0,0,0,1,0,1,1,0,1,25017
47076810,2,1,25,3300,9,18,6,0,0,0,1,0,1,0,1,0,1,2501392
747575360,15,25,452,10,1,1000,0,1,0,0,0,0,0,0,0,1,1,2504
7272236,25,64100,220,30,1,200.0,0,0,1,1,1,0,0,1,0,1,1,2501
709,22,25,00,25,30,94,630,11020,1,1,0,0,1,0,1,0,1,25001
525553545,28,46,1,231,0,1,0,1,0,1,0,0,1,1,1,1,0,2500
16,255,2,4100,139,533,660,1,0,0,0,0,0,0,0,0,1,1,2507
0864,25,24,50200,1,6,57,0,05,1,1,0,0,1,0,2,1,1,2502177
28725,25222000,0,1,13,8109,0,0,0,0,0,0,1,1,1,1,0,0,25002
4221,25,250,1500,0,34,2100.0,1,1,0,1,0,0,1,0,1,1,1,250711
2728,255,250,0,1,11,94,20300,0,0,0,1,0,0,1,1,0,1,25017
1722189,0,25,21,10,0,2500.0,0,1,0,0,0,0,0,0,0,1,1,2501
8775715021,55,25,2210,301,2483000,15,0,1,0,0,0,0,1,0,1,2,250,11
210276625,22,12000,0,1,0,1,2000,0,0,0,1,0,0,1,0,1,1,25017
988554,25,25,1,1,1,44300.0,0,0,1,1,1,1,0,0,1,1,1,250
1561067225,250,1,0,1,1,741400,0,1,1,1,0,0,0,0,1,0,1,25012
187865,25,25,200,20,1,66,6331,250,00,0,1,0,1,0,1,0,1,2517
20,59,25,25,150,1,88500.0,0,1,0,1,0,1,1,0,0,2,1,25501
763836465,25,2410,3,50,6,0,1,0,1,0,0,0,1,1,1,0,1,25177
7225,25,2505,25,1,250,2400,3,20,1,2,140,0,0,1,1,0,1,3510
72524,25,2600,0,9,3,819040.0,0,0,0,0,1,0,0,0,0,0,1,2502
48430,95,240,1,20,1,220540,0,0,1,0,0,0,1,1,0,1,1,25007674
0,0,0,1,0,0,1,0,1,0,0,0,0,1,1,0,1,1,25019
0454,1,4,25,1650,270,24900,0,0,0,1,0,0,1,1,0,1,0,2007
2219225,250,2804,55,250,40,25,134,21000000000,1,0,0,1,1,0,1,1,2,2503
5,25,21,0,0,0,0,0,0,0,0,1,1,1,0,0,1,0,2527397
0,0,1,1,0,0,0,1,0,1,0,0,1,0,1,1,1,2,1507
586215,29,5,250,25,90,110,0,10,090,1,0,0,1,0,1,0,1,2501
7312,820,225,40,2,9,8000,0,0,1,0,0,0,0,1,1,0,1,2501
21456446,45,24630,20,0,25,3,389,0,0,1,0,1,0,1,0,1,0,25010
-7742,27,25,0,20,46,35820,20,0,0,1,1,1,0,1,20,1,0,25027
37858,25,45,28,0000,1,25,14,00,0,0,0,0,0,0,0,1,1,250
25525,250,25,100,40,96,09,0,1,0,1,0,1,0,0,0,2,1,2500
2540,25,2,250,11,331500,0,1,1,0,1,1,1,1,0,0,1,1,25017
02660,25,25600,1,96,30,74000.0,0,0,1,1,1,1,1,2,0,1,0,2501
2,25,251000,0,0,0,0,1,1,0,1,0,1,1,1,0,1,0,2501
72784,25,22,1,21,250000000,1,0,0,0,0,1,0,1,0,1,0,1,2502
8848,5,25,1,17,251000,0,1,0,0,1,1,0,0,0,0,0,1,2507
72777921,21,25,10,10,25,2500.0,1,0,1,0,1,0,0,0,1,2,1,251
3772,3,2,250,0,0,1,44,0,0,1,0,1,0,0,0,0,1,25027
776482,250,0,25,4660,0,0,0,0,0,0,1,0,1,0,0,0,1,2500
45725,25000,0,6,15,10,0,1,0,0,0,1,0,1,0,0,0,1,2502
5260,1518,23,13,2,250000,0,0,0,1,0,0,0,0,1,0,0,1,2500
884,25,25,100,0,23,6000.0,0,0,1,0,1,0,0,1,0,1,0,2507
61888,250,0,0,1,252,15,0,1,0,0,0,0,0,1,1,1,1,250371
9086,25,2,25,1500,30,0,220,0,1,1,0,0,0,1,1,0,1,25027
22131,25,6200,0,249,25,10,1,91,3030,0,0,0,1,1,1,1,1,25002
75084,2,2500,0,20,3,71100000.0,0,0,0,1,1,0,0,1,0,1,1,25017
858398,25,25,2200,1,90,6,290,0,0,0,0,0,2,0,1,0,1,2501
478,25,250,2500,9,9,20,0,0,1,0,0,0,0,1,0,0,1,2502
4783722855,25,300,0,1,50,32.0,1,1,0,0,1,0,0,0,1,1,1,2502
5960,29000,1,0,2,45,0,0,1,0,0,1,0,0,0,1,1,1,250272774
284466,1,2,400,0,0,1,2210302100,36,50,1,0,0,1,1,1,1,1,25010
127369,25,610,40,830,0,0,0,0,1,1,0,0,1,1,1,1,1,25012
7838980,250,0,28,2,5000,0,1,0,0,0,1,1,0,1,0,0,1,250
