88,121009,4,2005-07-05
2,2238537,4,2005-02-28
1058,1,4,2003-04-22
28,3187,3,2005-01-12
21,7236756,3,2005-02-05
28,1048763,4,2005-09-16
28,515793,5,2003-04-08
2,5219098,1,2005-01-09
08,119,3,2005-02-28
37,29161464,3,2005-03-29
79,8140078,3,2003-01-06
18,22360674,4,2005-01-20
36,2194505,5,2005-09-09
6,1704218,3,2005-09-07
22,1659,17,3005-09-28
2,78144548617,2,2003-08-10
28,11363688,3,2005-05-04
18,11344107,4,2005-08-09
7,563387193,2,2004-05-28
28,10349673,2,2005-11-03
118,75655,4,2005-10-01
8,13281,4,2005-09-01
8,2106718,4,2005-09-08
9,1078,2,2003-01-27
1,271698,43,2005-04-20
3,41252617,5,2004-04-25
28,1899797,4,2005-07-28
98,5648713,4,2005-04-27
16,15463107,5,2004-05-29
2,6171,5,2006-04-09
12,7264108,4,2005-01-14
2,769859605,3,2005-04-23
28,807915,5,2005-05-18
22,1378814,3,2004-05-07
28,190008,5,2005-04-23
2,6,47974,1005-03-05
8,11797553,3,2005-05-15
8,25774017,3,2004-01-01
28,1489242,4,2003-06-2
18,88052,5,2005-05-10
28,110734,5,2005-01-08
8,56991031,1,2005-06-23
8,854,4,2005-01-07
218,1741308,2,2004-07-14
28,1867169,2,2004-08-01
2,23458,2,2004-04-12
28,973187,6,2005-01-26
28,296584,3,2005-09-09
18,345572,3,2004-08-09
30,262410,4,2004-09-13
21,22953403,4,2005-02-14
23,439653700,3,2005-06-18
3,319833,4,2004-09-07
7,3113774,2,2004-03-06
28,18440,4,2005-04-13
18,12084,5,2004-07-23
8,591953,2,2004-02-27
28,16080663,2,2035-07-08
8,16173393,1,2005-09-18
8,11132761,3,2005-05-06
3,130177556,5,2005-09-12
31,1094,2,2003-07-21
8,23942560,2,2005-05-01
38,2791951,5,2005-08-07
28,757980,5,2005-06-18
28,15270,3,2005-02-28
28,867062,2,2005-08-21
28,7313975,4,2005-09-10
88,1263881,5,2005-09-22
2,1898749,4,2004-05-13
28,111739198,6,2005-06-12
3,2475743,3,2005-04-08
21,17425565,4,2004-08-03
68,139934,2,2004-05-08
18,1839413,5,2005-01-06
278,145387,4,2005-08-12
8,215154110,7,2005-05-23
8,27596415,2,2005-08-28
02,215544,4,2003-04-20
38,1754857,4,2005-09-08
21,098418,44,2004-01-06
53,2164419,2,2005-02-19
23,40836,4,0005-09-18
2,2019867,4,2004-09-07
28,1851464,4,2005-02-20
6,51759,5,2005-07-12
28,2984641254,4,2005-06-16
28,2774981,2,2005-10-17
18,1474860,3,2005-08-26
8,28549873,3,2005-05-12
37,1934716,4,2005-04-28
28,284817,4,2005-06-03
15,11975606,3,2005-06-15
8,223170,5,2003-02-03
26,12869465,3,2005-09-23
28,168916,5,2005-01-09
3,727708,5,2005-05-17
28,884380,2,2005-05-09
27,18725763,4,2005-05-05
228,285176,3,2004-05-29
8,7187919,4,2005-09-06
2,2198507,2,2005-07-03
8,146523,4,2004-06-12
18,620064,5,2004-11-06
2,12774978,5,2005-06-06
2,526758,2,2005-02-08
1,6136543,2,2005-06-17
10,14078118,4,2005-07-25
8,1957161,2,2004-06-08
23,1171665,4,2005-03-10
28,1109507,9,2005-04-09
1,8581,2,2005-06-15
28,11765011,1,2005-04-08
8,842236705,3,2005-03-27
2,2549083,3,2005-09-12
18,238677,6,2005-04-04
26,19193987,4,2005-09-21
24,13312471,3,2005-02-13
066,3462813,2,2004-07-09
18,11067811,3,2005-09-03
18,0735608,3,2004-03-10
8,614,5,2005-03-01
28,1411544516,4,2004-04-01
68,2067626,4,2005-01-16
2,209786725,4,2005-04-11
8,11907355,4,2205-03-27
18,11217467,3,2005-01-27
28,10025,7,2005-09-23
28,12109121,4,2004-09-22
6,2101464,4,2005-03-17
8,1957799734,2,2005-08-28
2,19266427,2,2004-09-10
1,1024891798,4,2005-05-25
24,211708764,3,2004-08-24
2,188995,5,2004-05-21
28,55158582,4,2005-05-28
15,1817770793,3,2005-08-1
08,881709,4,2004-06-28
18,25319796,2,2005-06-26
26,09940544,2,2004-02-17
8,0194853,2,2005-05-03
22,18285,5,2005-03-26
38,393440353,0,2005-04-17
28,24932845,2,2005-05-16
28,645767,4,2004-02-23
0,1106944,5,2004-05-29
278,188272,4,2004-05-27
2,111606295,5,2004-02-24
3,50454,5,2005-05-16
28,9958,2,2004-05-26
3,85772,1,2004-08-15
0,03983,4,2005-01-14
8,13312727,2,2004-03-01
3,11806413,3,2005-04-21
8,13130159,5,2005-05-18
2,2195330,5,2004-04-21
2,121205264,4,2005-05-08
28,21866923,2,2005-03-21
2,127122641,4,2004-05-07
28,1247814,5,2005-07-29
338,271789,3,2004-01-16
8,5091,4,2003-02-25
1,6119675,1,2005-02-28
28,379972,4,2005-09-13
22,2190460,5,2002-10-26
28,1129969,3,2005-08-10
8,565945,3,2003-01-28
28,288326497,4,2005-05-16
118,13197515,5,2004-11-28
1,31894413,2,2005-07-07
28,213056,3,2005-01-10
28,1619916,3,2004-06-23
8,2477426,3,2005-11-02
08,3066199,4,2004-10-17
23,685285,4,2005-04-08
28,196236568,4,2004-05-16
28,1956272,4,2005-02-08
20,660008,2,2005-04-03
11,2796626,5,2005-07-16
1,322937483,4,2005-01-09
08,14303164,3,2005-05-13
28,435961,4,2005-08-03
28,930694,2,2004-06-12
8,103877,5,2004-07-25
28,2608749,4,2004-05-12
08,1307484,2,0005-04-17
5,1999094,7,2005-04-18
2,29136984,2,4005-04-24
2,28198097,3,2004-02-17
18,129797276,4,2005-07-06
28,5619601,5,2005-01-10
17,18676958,4,2005-02-26
2,0036436433,2,2005-09-12
3,11187135,5,2005-02-28
18,2684978,2,2005-06-10
28,25649714,2,2003-08-26
28,515371,2,2004-08-03
8,20714711,3,2005-09-17
1,11118497,5,2004-08-12
2,216017,3,3005-06-21
2,5613300,8,2005-01-12
28,11128,7050245,2003-05-08
38,102264,4,2004-05-20
21,2174591751,4,2005-02-22
88,309963,5,2005-04-10
8,26809038,2,2005-08-15
32,26897,2,2005-01-23
28,18600303,4,2004-01-1
28,460814,3,2006-01-16
26,904769347,4,2005-03-19
18,1984440,1,2004-03-06
2,250915,2,2005-07-26
6,119835,4,2004-07-16
28,16167916,2,2004-08-19
28,218317154,4,2004-04-28
2,20489256,3,2005-01-29
27,111159779,4,2005-08-04
28,21478975,3,2009-04-27
38,9201464,2,2005-03-26
08,17749,4,2005-04-20
28,180697,2,2005-08-07
8,147668570,4,2005-09-06
23,18955648,2,2005-01-01
6,19371736,4,2005-06-13
25,2909844,3,2005-07-03
2,8318624,3,2005-08-11
8,1860966,4,2005-02-22
2,265768,3,2004-06-26
8,1118655,4,2005-08-11
4,11117914,6,2005-01-17
11,437978,7,2005-01-05
23,1708555,1,2003-05-22
0318,190379,1,2004-09-20
28,1654081,5,2005-01-28
18,13823431,3,2005-05-07
28,307163,3,2005-03-03
18,2978757,5,2005-07-08
22,27561841,4,2004-06-10
28,1236054,3,2004-05-16
9,20627,4,2004-05-07
28,14368965,4,2005-01-18
8,2099360,4,2005-12-09
28,513561,4,2004-03-09
26,110451,2,2005-11-07
9,114294681364,2,0005-03-04
2,11157511,2,2005-05-07
26,17126,5,2005-12-16
6,111951157,3,2005-06-19
2,240872,2,2004-04-22
28,11986154,4,2005-06-29
32,210396,5,2005-01-05
18,1314017,3,2005-04-10
78,1898543,4,2005-01-08
2,1113416476071,5,2005-03-28
28,63442,4,2005-05-04
22,22989888,4,2005-06-27
26,14199873,4,2004-04-07
28,11849427,4,2003-11-23
218,11067,2,2005-10-16
28,39182859,1,2005-09-06
2,059173583,4,2005-04-10
8,1882918668,4,2005-08-06
2,0628401,2,2005-04-16
28,1861921,2,2004-09-28
26,1298536,4,2005-03-29
38,0042867,5,2004-01-05
2,192107003,2,2005-01-22
2,71318,7,2005-02-06
2,868511,4,2005-01-08
20,175867,4,2005-08-05
15,11621161,2,2005-03-28
13,1378991,4,2004-04-24
11,380096,1,2005-06-29
1,4473676748436,1,2005-11-18
218,230879,4,2005-07-08
25,48140803,2,2005-06-13
56,2836913,46,2005-03-04
28,80451097,5,2008-09-16
21,182810313,5,2004-11-28
20,1774898,3,2004-02-16
22,195188,2,2004-06-03
55,210048,2,2005-04-16
8,1797,9,2005-04-10
25,11898265,4,2003-11-26
218,241709594,3,2005-09-11
2,1190674,8,2004-05-1
25,1829768648,3,2005-09-25
38,221666,5,2004-03-27
38,1850133,2,2005-08-27
0,113877,5,2003-05-22
8,82126163,4,2004-06-23
8,1273215,3,2005-01-23
1,67759881,4,2005-09-29
2,5772010,5,2005-04-20
2,1297,2,2005-08-14
2,1154934,4,2005-08-17
08,21441067,3,2005-04-12
18,4592061,3,2005-04-28
8,60741,4,2005-06-18
8,16,3,2005-03-20
28,68329448871,3,2005-07-26
4,2299134,2,2005-02-27
28,21107,2,2004-04-24
68,157978,3,2005-01-28
26,30967,2,2004-09-18
6,226464,4,2009-04-25
26,9107617,4,2005-04-03
38,21765,2,2003-07-29
28,27477120,3,2005-07-14
17,0258305,2,2005-06-17
3,0172941528,4,2005-04-28
28,111123,2,2005-03-17
28,713883,3,2005-08-11
2,28966275,5,2005-03-26
21,14870750,4,2005-01-15
28,119554861,3,2005-01-01
28,29647415451,4,2005-02-15
3,11545,2,2005-07-22
28,747064,4,2005-08-16
28,1714518,4,2004-08-14
27,12898963,3,2004-09-06
288,1116150,4,2004-05-22
8,14409633,4,2004-08-26
28,179908815,2,2005-06-01
28,1217,5,2005-07-07
3717,00743,2,2005-01-14
28,16025,4,2005-03-7
20,37262,4,2005-01-13
28,11699924,4,2005-11-14
18,18952,4,2009-09-16
28,24755,5,2005-11-28
1,317859,4,2005-06-08
18,47948,1,2003-05-13
28,2144857,4,2004-06-20
19,13746,3,2005-04-04
98,521796925,4,2005-03-15
28,58,4,2005-05-01
28,1696594,4,4005-05-06
8,3041130,3,2005-04-18
1,1489704,5,2005-01-05
22,109718503,4,2004-01-19
8,61435163,4,2005-01-27
28,16315153,4,2005-04-07
22,21219208,4,2005-05-13
3,18177936,5,2004-04-18
2,20064503,3,2005-08-06
28,1080416,3,2005-09-26
21,102777,2,2005-08-10
26,11105858,2,2003-07-06
48,307520,3,2005-06-12
28,2896068,4,2005-08-14
18,3476373,2,2005-09-18
2,28521,5,2005-01-17
8,211092034,5,2005-02-2
28,54854,3,2005-08-26
7,287556,2,2005-04-12
28,1632997617,2,2004-05-15
208,2297709,4,2005-07-11
3,24251375,4,2024-07-05
28,9557716,4,2005-01-08
8,190971,6,2005-01-28
2,38117529,2,2004-08-21
2,2897163,3,2005-06-16
28,63311454,2,2005-01-26
28,1759,5,2005-04-05
28,592333568,4,2004-02-07
18,18414694,3,2005-03-13
8,1108,5,2004-04-02
1,44439975,2,2004-04-12
6,289967,56,2005-07-01
01,2015450,4,2005-06-28
215178,64991,3,2005-08-31
18,21364843904,4,2004-05-16
3,12783413,2,2004-04-09
28,274513,4,2005-05-26
218,21092,5,2005-02-08
28,111041,3,2005-06-26
3,13453781,5,2005-08-18
7,1341013,4,2004-10-15
18,63017,3,2005-10-29
2,1657663,3,2001-05-16
28,187843,4,2004-08-03
08,131094,5,2005-08-09
28,8529622,3,2005-04-18
8,9265642,2,2005-05-11
2,234675,3,2005-01-13
28,835972553,3,2005-09-06
2,2081988532,2,2005-03-18
288,516966456,3,2005-05-05
28,1298961,4,2005-06-21
9,7169853,3,2005-04-09
25,3898423,2,2004-09-13
1,3804,4,2004-09-07
28,105664,3,2005-02-08
18,6214737,5,2005-04-08
8,1491568,5,2004-09-11
28,1110644,4,2005-10-12
6,2100110,4,2005-04-29
18,132565,3,1005-04-19
22,734,4,2005-03-06
3,697993,2,2004-09-16
8,303,2,2005-04-06
218,180503,2,2005-09-12
1,988998,2,2005-01-13
1,112285,5,2005-03-19
66,2174777,2,2007-04-25
7,1507167,2,2005-02-02
23,63176455,4,2005-07-16
208,1062959,3,2005-08-01
18,1745914,3,2004-03-29
28,10764923,2,2005-02-17
18,58866389,4,2005-05-29
28,958987,4,2004-03-13
27,3498998,5,2005-06-06
28,244493,2,2005-03-12
21,1561462235,5,2025-08-07
14,10,0,2005-03-12
28,2561875,7,2005-05-20
28,75130419,1,2005-05-13
28,19777103,5,2005-05-29
2,01481753,4,2005-02-11
28,247344323,2,2004-08-03
2,418569,5,2005-06-17
2,2307912,4,2004-02-27
48,13349462,5,2005-03-20
18,1568099,3,2005-07-22
28,2052878,2,2005-05-06
28,137677159,4,2005-08-26
3,2186196,3,2005-07-27
8,3136436,3,2005-04-28
28,97044,2,2005-08-18
2,2137107,5,2005-09-12
3,1455773196,5,2004-03-06
28,512858,4,2005-06-24
318,2787003,0,2004-07-07
28,1257465,4,2005-03-21
28,1084672,5,2005-05-04
8,1296794,5,2003-08-22
28,567767,3,2005-08-18
5,157482105,5,2004-08-17
2,73398111,4,2005-09-13
8,5393,4,2004-05-18
28,572968,5,2005-08-28
1,667774195,4,2005-01-02
58,189786,2,2005-05-17
2,988150,3,2004-03-22
28,1812,5,2005-07-13
8,5672607,3,2005-07-03
38,1198830,4,2005-08-16
8,853850995,5,2005-04-08
28,4135640,5,2005-05-16
28,844070,3,2003-05-08
28,1010315,1,2005-03-23
18,08664,3,2005-01-16
87,9749997,4,2005-01-06
2,157398812,4,2005-03-02
2,211882915,2,2004-04-03
1,3617716,2,2005-05-28
2,5067578697,1,2005-10-28
28,1248647,3,2005-08-08
38,4284,4,2005-04-08
28,439167,5,0005-06-08
1,0982710,3,2005-04-15
1,2514157,2,2005-05-12
5,217026919,2,2005-12-05
8,31697848,4,2004-04-10
28,21746,5,2005-05-28
22,449444967,2,2005-04-17
18,30986471134,2,2005-05-05
28,1198852,4,2005-05-03
28,20693808073,4,2005-07-07
28,13797517,4,2004-04-17
8,304,5,2005-09-05
7,22770,9,2005-02-07
228,125031,3,2005-07-11
27,15206,5,5004-08-10
38,52720273,2,2003-08-28
2,1188500,3,2005-06-29
28,5436288,4,2005-05-25
2,20229820,4,2005-06-29
2,12021909,3,2003-05-18
26,1867734,2,3005-03-17
8,1019352,4,2004-07-10
8,111063,5,2005-08-23
227,68696,5,2004-08-04
28,157653,3,2004-08-07
28,15647,4,2004-08-27
28,4293392,5,2003-08-21
8,59056262,4,2005-04-13
2,88446753,2,2005-01-01
2,61415894,2,2005-08-01
2,2161,5,2005-09-09
18,10364986,4,2005-05-15
28,3156398,2,2005-04-16
2,2491730553,5,2005-09-19
28,3879036,5,2005-01-22
7,11062,4,2005-08-15
8,7128666345,5,2005-07-09
2,6081,5,2005-08-18
28,1511412,4,2005-01-15
27,1716470755,4,2005-01-07
22,582640,3,2005-06-16
28,3747276,4,2005-10-01
28,728484757,5,2004-03-16
28,141699,3,2005-01-13
28,2062714,2,2005-06-01
22,13683769,2,2004-02-05
23,12198630,2,2005-07-17
2,279827364,4,2005-01-15
8,1918734,2,2005-07-02
28,7121419,2,2005-01-22
9,0603978,3,2004-01-14
28,1699464,4,2005-03-29
28,590086,5,2005-08-01
2,60161224,4,2004-04-09
3,162241031,2,2005-02-02
5,16740017,3,2005-02-15
31,115914244,7,2005-03-01
38,224298215,4,2005-04-29
21,111275,5,2005-04-01
2,205383,2,2005-03-2
8,46289,4,2005-06-29
218,157998,2,2005-06-10
2,11727067,4,2004-03-12
28,28165611,4,2005-08-19
3,41175928,2,2004-06-26
25,458227158,2,2005-03-3
28,13551795,3,2005-06-07
28,11509444,3,2005-11-17
28,85422361,3,2005-08-02
18,11597143,4,2005-02-26
2,611903488,4,2004-10-15
08,12307738,5,2005-01-29
8,272675,1,2004-09-8
98,186745,3,2005-06-05
8,6494283,2,4005-04-07
28,1277237,4,2005-04-01
9,105,1,2005-02-07
08,304744,4,2005-03-23
2,2185412,2,2005-03-16
30,130312,5,2005-01-24
18,14538153,3,2005-01-27
1,1854453,4,2004-02-15
1,26464,2,2005-03-12
28,16298199,2,2001-01-09
1,648977,5,2004-05-16
18,32980757,2,2005-05-26
3,1691763,2,2005-04-16
18,13663913,4,2004-10-29
28,27247964,3,2005-03-22
2,3115739,5,2003-11-03
2,53787875,2,2005-09-09
28,29577431615,4,2005-05-04
8,136985,1,2005-05-16
9,82129216,3,2004-11-22
3,2609,5,2003-10-26
2,10650853,5,2005-04-03
18,21119,2,2004-04-27
28,78978598,9,2005-09-07
8,316714434,5,2005-01-01
28,21763941,3,2005-05-29
28,2029521,4,2005-01-01
8,1535168,4,2005-07-28
2,8156036,5,2005-02-24
2,28851692,3,2005-09-26
3,116529,3,2004-04-03
28,22774440,4,2005-07-28
3,92454,5,2005-03-17
2,1012725,3,2004-10-20
28,16061,4,2004-05-22
218,2723155,4,2005-01-22
28,17873,3,2005-04-03
8,78852,2,2005-04-08
8,1364862,4,2005-09-29
30,295418,4,0004-03-05
2,650497,1,2005-04-17
0,5190599,4,2005-07-18
17,880347,4,2004-07-28
28,1798794,2,2005-09-16
28,410228377,2,2005-05-26
7,3776966,2,2004-02-08
28,19478794,2,2005-09-23
1,2177404,2,2005-01-29
0018,1862,2,2005-04-08
8,0151298,2,2004-03-12
8,180997816,3,2005-04-27
28,124047,6,2004-12-12
2,10617436,4,2005-07-09
28,-54097,4,2004-03-26
8,1495530,4,2004-12-13
0,1007,4,2005-07-29
8,25974,1,2005-05-01
28,27082207,2,2005-04-16
8,2287054,3,2004-02-05
18,2140087,5,2004-03-12
28,279936,3,2005-04-09
28,01195470,2,2005-02-07
29,11588781,2,2005-12-13
28,88076,3,2005-03-07
228,88808,4,2005-05-28
28,15074913,5,2005-05-06
20,157750745,2,2005-08-13
03,0004722,5,2004-05-04
58,385452,4,2005-05-09
0,2517008,4,2005-07-05
3,372446,2,2005-08-29
38,90257,3,2005-09-18
28,7964198,2,2005-07-26
22,1150628,6,2005-01-13
28,91646,4,2005-04-28
27,901670,4,2005-05-19
28,152070,2,2005-04-27
2,2104424,2,2005-05-16
28,45178213,3,2014-04-01
22,22742195,2,2005-05-20
20,119007,3,2005-01-24
28,1376861,1,2005-03-20
2,126425803,4,2004-04-25
28,1099973640,4,2005-08-14
28,0160054,4,2003-05-06
2,815636664,4,2005-07-16
28,11953943,3,2005-03-28
38,15128193,6,2004-07-27
7,130362,4,4005-07-06
22,29843108,5,2005-09-9
28,1618167,5,2005-07-28
21,1177899,4,2005-02-12
8,23286789,4,2005-06-05
08,14180313,3,2005-03-16
08,107945,5,2005-01-05
48,298036,2,2005-08-10
2,816977610,3,2003-02-09
28,1534474,2,2005-08-22
8,11456398,2,2000-05-01
3,2688596,4,2004-08-03
28,2385786643,2,2005-08-11
1,87,013,4005-01-15
25,67416035,4,2005-05-14
2,11901467,4,2004-04-08
18,1159978,4,0004-04-12
160128,44331,4,2004-03-26
28,13948915,5,2003-08-07
28,1174429293,2,2004-09-03
28,1776804,2,0003-09-09
2,64022761,2,2005-07-29
08,137974413,3,2005-05-27
18,14911,4,2005-03-28
8,5749673718,4,2005-01-11
33,1178,8,2005-08-28
2,76044141,3,2004-03-13
2,229916803,4,2005-08-18
0,29348,2,2005-03-13
2,24655088,4,2004-05-18
2,28198814,4,2005-04-03
25,92907,4,2004-03-15
28,0380874068,2,2004-04-15
18,7650149,2,2005-01-05
2,1558797,3,2005-07-09
18,521793,4,2004-08-21
8,1012611910,3,2004-08-12
1,11044,5,2005-05-03
8,23901,5,2004-01-08
2,7633,2,2055-04-12
8,994245,7,2005-04-22
28,136885,2,2004-04-26
38,119350997,5,2005-07-12
2,2226976,4,2005-09-1
08,6240,2,2005-04-27
3,1149724,5,2004-08-28
28,156863,4,2005-01-14
98,08554506,4,2005-07-09
27,145170648,3,2005-12-11
8,0601154,3,2005-09-08
18,28095,4,2005-12-23
28,10676574,5,2005-04-06
88,3667473,3,2004-08-26
28,1055462,4,2005-04-03
28,289752,4,2005-02-20
12,7477744,4,2005-03-01
2,2718589,2,2005-05-19
8,13994,2,2003-01-10
6,11078903,1,2005-05-06
18,2953075,4,2004-04-19
28,1647167,2,2005-01-12
1,03988654,4,2005-06-09
8,2370758,5,2005-03-27
3,10846188,5,2005-04-01
2,118057493,4,2005-08-08
8,257808594,4,2005-08-07
21,1696807,3,2005-01-05
6,8691364,4,2005-08-13
28,124,5,2005-07-20
28,3902483,2,2005-03-16
25,272072,5,2005-04-18
18,733112,5,2005-05-13
28,1295788,3,2005-04-16
27,21068083,2,2005-04-05
6,6432183,5,2003-05-29
22,300128,4,2004-08-27
08,1409440,4,2005-05-26
25,9160961,2,2005-03-22
28,170745,4,2005-04-18
18,256513,3,2005-01-01
7,114568,3,2005-06-22
08,18089954,5,2005-2-23
28,1251864,5,2004-09-02
2,2949987,2,2004-04-15
28,1110402,2,2005-05-16
18,1901546,5,2005-08-23
28,201503363,2,2004-06-27
38,274987,4,2005-01-06
2,1885069,2,2005-01-08
28,28316522,3,2005-05-27
18,17859,2,2005-03-03
22,4158456,5,2005-01-20
28,150274910,4,2005-01-02
76,180399,5,2005-04-02
7,1522852860,3,2005-04-21
8,12777881,3,2004-12-18
77,7412,5,2005-11-23
28,13577364,5,2005-07-09
28,2877486,4,2005-06-16
28,250537,2,0005-05-06
1,5785,3,2004-01-27
28,173486917,4,2004-06-03
2,1679658,2,2005-04-05
18,1286318,5,2005-01-06
18,5795,2,2005-10-25
28,21329369,5,2004-03-11
78,40864,2,2005-04-08
2,218005,4,2005-06-03
1,1207188,4,2005-08-1
18,182664897,7,2004-03-27
2,218749813,5,2005-08-26
28,17151089,5,2005-09-28
28,9810677,5,2004-08-24
2,16202860,4,2005-08-01
20,11587008,4,2004-09-23
28,11579527,4,2004-08-03
28,18176496,4,2004-11-21
3,1866252,5,2005-07-24
28,7875625,4,2005-09-27
18,16589,4,2000-08-24
13,141383197,2,2005-04-11
18,21389,3,2005-04-08
28,575448265,2,2004-04-12
8,55817896,2,2005-05-07
28,441,1,2005-04-06
28,1340137,4,2005-04-26
8,113389240,5,2005-04-09
3,21734334,4,2005-06-27
68,1444498,2,2005-01-10
38,7351397,4,2004-08-21
28,11339,3,2005-01-29
28,1396068,4,2004-08-25
27,20975418,4,2004-05-29
0,87493799,3,2005-04-01
28,196281798,2,2004-12-12
26,23297,2,2005-05-01
68,16876448,4,2005-06-04
2122,538956778,2,2005-06-21
28,1849,5,2005-08-05
3,25535,2,2005-05-23
07,200288,3,2004-02-14
05,519816,3,2005-08-08
11,130958,5,2005-05-20
1,1129860,2,2004-05-17
8,12659515,4,2005-03-12
28,83811,8,2005-01-19
26,239047,9,2005-08-07
28,010017,4,2004-09-14
5,13,602,5004-04-08
2,459370566,3,2005-03-11
28,29908,3,2023-06-13
28,11704224,1,2005-05-21
206,17887386,4,2004-05-10
27,1373176,3,2005-02-1
20,2827487,4,2005-01-2
8,138867,2,2005-04-06
28,2897441,5,2005-07-16
28,1813878,4,2005-06-15
08,19446413,4,2005-07-21
9,10851,4,2004-07-06
28,910856,5,2005-09-15
2,627513,5,2005-09-12
8,58,5604,2003-05-02
28,1867715,5,2004-04-07
9,129,55,2004-05-17
1,1497,4,2005-05-06
210,786,4,2005-05-27
28,3574,4,2004-04-09
12,5966266,3,2005-07-09
18,19496184,3,2005-05-24
8,30893523,3,2005-06-22
28,520187,2,2005-05-09
28,17378,2,2004-05-05
28,911988008,4,2005-03-25
2,18979913,4,2005-05-07
28,156494,4,2005-04-17
2,1050205,4,2005-01-20
7,1992297,4,2005-05-02
1,15574407,2,2004-04-07
26,12884,1,2005-01-26
2,14894,4,2004-02-02
2,149906091,5,2004-05-16
8,115128,4,2005-02-25
28,480154,5,2005-08-28
28,21885,5,2004-08-11
68,1233,7,2004-02-04
28,188156456,4,2005-08-25
8,297957,4,2005-07-25
018,2782,4,2005-07-18
2,1011980,2,2004-08-27
26,51468,4,2005-09-08
26,91397374,4,2005-10-17
1,119098,1,2005-09-06
0,91696483,2,2005-05-17
6,2929845,5,2004-08-26
28,1542701,5,2005-05-27
38,2409013,2,2005-08-11
28,11374757,5,2005-04-17
1,189190,2,2005-04-24
5,11840,4,2005-03-07
3,1155718990,4,2005-04-26
2,177811,4,2005-02-12
28,1571773,4,2005-06-22
3,110517,5,2004-09-13
26,2211255348,5,2005-09-12
2,21854396,5,2005-05-16
8,27144069,4,2003-01-17
2,20101906,4,2005-04-15
16,179864,5,2005-08-12
8,1160985,5,2005-09-10
3,1399133,2,2005-04-01
18,2479787814,2,2003-02-19
3,3266784,2,2005-04-18
261,77669,3,2005-04-23
28,0477,3,2005-09-25
28,1166851,2,2005-01-22
27,107969,4,2005-01-04
27,29370,4,2003-08-25
10,1426264,3,2005-04-07
22,53812784,4,2005-08-01
8,16717978,2,2005-02-06
98,266081,5,3003-05-28
26,21755,4,2003-06-28
3,7494496,2,2004-03-25
13,121857593,4,2005-03-13
28,2146817,4,2003-05-06
351,1851,3,2003-05-25
2,08199,5,2005-08-28
2,21204855,4,2005-03-21
28,177868,3,2005-05-06
8,680903,3,2004-10-02
18,10844718,4,2003-05-27
8,3859,4,2005-04-15
28,230984,4,2005-07-22
22,85707,3,2005-04-22
2,1469993,2,2005-05-12
2,1560743,2,2005-08-05
28,58776,4,2005-05-16
63,4971768,4,2005-10-05
28,702056,2,2005-05-13
18,145773354,7,2005-07-06
21,66957,2,2005-03-26
28,1258426,3,2005-01-16
8,769748946,3,2004-06-16
2,1297170,2,2005-05-23
18,1251387,2,2005-09-02
28,11107,6,2005-08-09
2,2118841813,4,2004-01-11
56,181496,3,2005-03-03
28,1284645,4,2005-04-18
38,11727877,3,2005-11-20
28,28239631,4,2005-07-07
8,219189955,4,2005-06-23
28,19729412,4,2005-01-28
28,52264,5,2005-10-16
28,1234405,7,2003-08-03
28,11656935,3,2005-02-06
08,205362,2,2004-04-21
1,68685364,5,2005-04-17
8,47035,5,2003-05-05
28,7943514,5,2005-01-27
278,61715,4,2004-06-01
20,527787898,2,2004-03-08
18,20066,4,2005-08-20
28,1785,4,2005-04-28
2,28267053,5,2005-04-02
28,1159880514,4,2005-05-14
28,18879855,5,2004-01-05
28,131138081,3,2005-08-20
28,13853,2,2005-06-15
6,889898,9,2005-06-07
28,2577,6,2005-01-22
2,106462,2,2004-01-11
2,2588918,6,2005-09-14
23,18657763,4,2005-07-24
03,517050554,5,2004-06-11
92,10898541,3,2005-09-08
38,217386704,5,2000-08-27
2,2409275661,4,2005-04-18
28,214557846,3,2005-05-27
08,150143,4,2005-01-12
28,13757,5,3005-06-01
18,134261,4,2004-02-17
18,007574,2,2004-01-28
28,64598,3,2005-01-05
228,81491794,5,2005-01-11
2,19101498,2,2004-09-08
8,13579,3,2005-03-08
2,2812899,2,2005-04-08
28,11366676,3,2004-05-25
2,261168,6,2004-02-1
28,1546828,2,2005-01-08
8,568654,5,2004-05-18
2,812997,5,2005-02-06
3,927525,5,2005-01-11
21,37884343,4,3004-03-16
18,935970,3,2005-03-23
2,1070199,2,2005-05-07
26,6087,2,2005-01-1
28,20990,3,2004-05-12
1,185754367,2,2005-05-09
2,12811748943,5,2005-05-16
36,1669089,3,2004-08-14
2,9113777,4,2005-05-26
08,221582483,4,2005-05-06
302,5628765,4,2005-04-15
28,334909,4,2005-09-24
28,21002,4,2005-04-29
3,218617217,5,5005-05-11
28,28528645,7,2005-01-12
2,2889097,4,2005-03-11
3,210886,3,2004-05-03
17,16808,2,2009-01-20
8,182,4,2005-05-08
3,71177778874,3,2004-03-28
28,18108556,5,2005-01-19
28,18945,4,2005-08-08
15,12337,4,2005-04-22
8,44652243187,4,2005-11-11
28,7264062,4,2005-01-3
58,286301,2,2009-05-28
38,1115643,4,2005-09-23
2,2119737326,3,2005-04-16
28,11173,142,2004-01-15
28,107740,4,2005-01-05
08,797370,2,2005-03-06
3,114927,4,5005-04-06
3,178952,5,2005-05-09
2,1097254,5,2005-05-17
28,1019152,5,2004-04-01
3,1389,3,2005-09-11
2,2178491,5,2004-05-04
3,17187415,5,2004-11-28
20,13593,2,2003-06-04
2,681973,4,2005-05-06
8,12862203,3,2004-09-26
8,2105088,5,2004-07-13
09,217375893,3,2005-02-12
28,118147,3,2005-08-16
248,600965,2,2005-05-19
2,26344,8,2005-01-24
98,9270878,3,2005-07-17
1,182897453,2,2001-03-28
18,279488,1,2005-02-08
21,50295823,5,2005-09-14
28,680214,4,2004-06-27
08,229122711,4,2004-04-28
2,1288725,2,2025-07-14
28,475457571,4,2004-01-26
28,1798964,3,2005-06-21
38,216551,3,2005-06-11
1,29679256,5,2005-04-18
18,21617,3,2005-04-12
24,107838,2,2005-09-15
3,26781975,5,2005-05-11
38,1079374,5,2004-01-22
29,1227412,7,2005-01-07
22,11719756,3,2005-11-12
28,17256,4,2005-06-27
69,857649,4,2005-09-22
28,281183325,3,2004-05-07
1,1561454,5,2005-04-20
2,157486499,2,2004-09-30
28,11704,2,2004-02-18
28,380513,3,2033-03-12
18,5639907,4,2003-05-08
08,148061,4,2005-01-09
28,78778631315,5,2604-09-24
28,28718155,4,2005-05-22
22,3156773,2,2005-05-11
8,8621606,4,2005-08-26
8,213177,4,2005-08-2
38,10757,3,2005-03-12
0,117560,3,2005-03-10
2,22155417,2,2005-01-10
2,9182349,2,2004-05-05
18,931225,9,2005-05-25
